0.005920
0.009277
0.013000
0.056763
0.094727
0.095703
0.726318
1.497314
1.508301
3.288818
3.353516
3.420654
3.522522
3.578369
5.263428
5.269531
5.925781
8.910400
12.736816
20.044678
23.254341
24.305420
25.052383
25.156593
32.194824
34.305237
37.983856
38.029297
38.143303
38.702637
40.006104
43.995995
51.517715
52.691406
55.104309
61.039474
63.428299
67.101440
75.247108
88.417236
89.875488
91.203110
91.797714
98.088135
99.687256
103.800293
112.347778
114.612808
121.575935
123.632553
125.627769
126.522423
129.767944
150.958832
162.820068
180.901581
184.741455
185.908691
188.333496
191.940430
205.637451
219.601807
221.522705
223.246307
228.366608
235.132141
236.949951
243.566162
246.441650
258.911072
261.233063
262.620361
263.151123
277.140625
280.926147
282.806152
283.485443
309.300873
317.384766
331.604919
334.541229
337.259155
362.265381
372.592285
380.587891
386.601074
388.820587
388.961365
398.216553
399.920685
401.197021
412.582031
413.636261
415.663086
416.213623
421.118896
426.689941
437.093201
439.704956
458.349426
462.055176
462.202148
473.369385
479.784485
505.504425
508.785156
515.092529
524.309082
562.305176
583.272705
583.339966
596.467590
599.470947
615.518555
630.516663
665.068115
717.821167
740.571655
802.921631
810.192871
820.227051
868.229614
869.175537
872.892639
929.421143
951.635742
962.958252
975.206543
1024.062988
1034.524414
1095.418213
1149.412354
1156.968018
1186.862549
1260.033203
1273.576294
1276.662231
1380.965576
1383.434692
1388.580078
1399.815430
1408.856689
1440.737061
1444.400635
1529.439941
1574.007080
1603.277222
1643.061523
1694.006836
1763.330933
1793.385742
1840.540039
1848.588501
1854.074463
1872.773560
1924.254395
1925.743164
2051.522705
2072.407959
2076.882080
2100.942139
2102.369385
2146.210449
2206.864746
2221.564941
2239.366211
2248.529053
2295.090576
2319.006592
2378.330811
2494.384521
2515.969482
2522.891357
2527.704590
2612.317139
2632.714111
2788.009766
2979.357910
2982.391602
3213.214844
3301.156250
3350.202881
3392.186768
3424.926514
3536.803711
3670.762451
