3136.9 179.087 11.0235 294.709 42.5629 5620.3 209.917 232.444 156.768 1266.36 1 0 0 0 0 0 0 0 0 0 0 0 0 0 0 0 0 0 0 0.000852919 0 0 0.0255876 0.0132676 0 0.200294 0.0792741 0 0 0 0 0 0.480146 0.112822 0 0 0 0 0 0 0 0.0772839 0.0104246 4.73844e-05 
2868.18 155.6 15.8305 268.432 50.8392 596.895 211.386 217.768 136.368 1562.62 0.374252 0.086502 0.437484 0.101762 0.00280331 0.0146488 0.00585954 0.0332813 0.00358317 0.0336186 0 0 0.00796729 0.0828134 0.0428927 0.0392041 0.0188011 0.00042155 0 0.00295085 0.00301408 0.00033724 0.0023396 0.0139533 0.000316162 0.0808532 0.122566 0.0569514 0 0 0.00360425 0.00773544 0.140924 0.0910126 0.0158292 0.07727 0.0878931 0 0 0 0 0.000126465 0.00347778 0.00295085 
2382.39 159.314 20.4778 183.2 51.4271 436.705 201.16 209.053 135.106 593.891 0.130833 0.00474769 0.246236 0.618184 0.0778283 0.068299 0.0641617 0.0652469 0.0369303 0.0711815 0 0 0.00817282 0.355331 0.0431701 0.0134292 0.000373033 0.0125136 0.000101736 0.00695198 0.0199064 3.39121e-05 0.000406945 0.00573114 0 0.0140057 0.0187534 0.000746066 0 0 0 0 0.0367946 0.0441536 0.0120388 0.00288253 0.0190925 0.00176343 0 0 0 0 0 0 
3096.86 122.703 11.6494 279.98 29.7364 3928.24 218.657 221.294 135.083 3987.36 0.851708 0 0.148291 0 0 0 0 0 0 0 0 0.00145658 0 0 0 0.116022 0 0 0 0.000896359 0 0 0.00683473 0.0243137 0 0.0585434 0.173333 0.00862745 0 0 0 0 0.388067 0.0369188 0 0.000728291 0.0284034 0 0.00666667 0 0 0.0519328 0.0482913 0.0489636 
3057 139.674 13.7438 280.508 45.4916 3136.69 216.055 222.372 137.548 2795.52 0.632694 0 0.367306 0 0 3.84453e-05 0 0.000384453 0 0 0 0 0 0.0224905 0.026335 0.122602 0 0 0 0.000845796 0.000538234 0 0.000192226 0.0143785 0 0.0282188 0.112299 0.0754296 0 0.00780439 0.0081504 0 0.228096 0.091692 0.0611664 0.0578986 0.0613202 0 0.00238361 0 0.00757372 0.00519011 0.0510169 0.0139556 
3102.6 177.348 13.9134 317.239 57.6223 2904.01 209.237 229.418 152.2 867.491 0.189322 0 0.810677 0 0 0.00578564 0 0.0157816 0 0 0 0 0 0.0513548 0.00320788 0.000343702 0.0443089 0 0 0 0 0 0.00627255 0.00936587 0.00263505 0.0640717 0.125623 0.0485479 0 0.000343702 0.000544194 0 0.0831472 0.00295011 0.0562811 0.213553 0.143295 0.0189322 0.0110844 0.00323652 0.000429627 0.0405282 0.0234004 0.0249757 
2959.56 172.609 10.6508 355.686 50.3808 5203.66 211.497 231.41 154.139 5354.65 0.996822 0 0.00317841 0 0 0 0 0 0 0 0.0074163 0.0038141 0 0 0 0.297641 0 0 0 0.034115 0 0 0.021472 0.050219 0 0 0.0170222 0.069572 0 0 0 0 0.401187 0.0943636 0 0 0 0 7.06315e-05 0 0 0.00310778 0 0 
3051.42 126.208 13.5933 264.001 41.8256 1881.46 218.444 221.319 133.667 3042.48 0.459723 0.101665 0.438612 0 0 0.00285523 0 0.00850495 0 0 0 0 0 0.00592309 0.00364498 0.0664601 0.00100237 0 0 0.00218699 0.0047081 0.000364498 0.00522447 0.0122107 0 0.044408 0.128364 0.0530952 0 0.0274892 0 0 0.171253 0.0410668 0.0623899 0.113936 0.134834 0 0.0141243 0 0 0.0409756 0.0407326 0.0142458 
2529.72 163.882 18.3872 182.763 49.9886 1192.6 205.131 215.714 139.299 828.254 0.131229 0 0.464339 0.404432 0.0176043 0.0751759 0.0646951 0.0699501 0.00986775 0.0841094 0 0 0.0153855 0.249438 0.0383324 0.0203486 0.0481126 0.00613085 0 0.0109479 0.0202902 0 2.91945e-05 0.00721105 0 0.00837883 0.0497183 0.0143637 0 0 0 0.00954661 0.031822 0.028669 0.0281143 0.0255452 0.0635857 0.00259831 0 0 0 0 2.91945e-05 0 
2993.2 146.881 13.5773 298.131 52.2697 2295.65 214.152 223.94 141.311 2022.3 0.310863 0.0155066 0.67363 0 0 0.00891161 0 0.0204111 0 0 0 0 0 0.0436815 0.0207868 0.0674528 0.053741 0 0 0.00315141 0.0136074 0 0.00156527 0.011416 0 0.0178858 0.0651779 0.0500261 0 0.0205364 0.0108526 0 0.127288 0.0280497 0.0583116 0.160889 0.122404 0.00338099 0.00740895 0 0 0.0279245 0.021726 0.0334133 
3114.12 138.509 11.7689 282.656 42.248 4557.54 217.659 224.108 138.867 2391.6 0.866381 0 0.13362 0 0 0 0 0 0 0 0 0.00163599 0 0 0 0.0146421 0.000777096 0 0 0.00629857 0 0 0.0364826 0.00813906 0 0.100941 0.167894 0.00895706 0 0.000695297 0.00343558 0 0.42544 0.0841718 0.00503067 0.00944785 0.0366462 0 0.000408998 0 4.08998e-05 0.0503476 0.0190593 0.0195092 
3009.57 138.467 13.3549 289.106 46.0855 1075.55 216.536 222.955 137.81 2413.36 0.436758 0.0795395 0.483702 0 0 0.000145982 0 0.00959313 0 0 0 0 0 0.00994766 0.0472774 0.0407916 0.0227315 0 0 0.00160581 0.0143688 0.00613126 0.00508853 0.0207712 0.000291965 0.0668808 0.128444 0.0437738 0.00550562 0.00250255 0 0.000834185 0.203291 0.0414381 0.0455256 0.130758 0.11445 0.00208546 0.000104273 0 0 0.0163709 0.0145357 0.00475485 
2979.99 178.124 14.2216 240.192 42.4916 1999.05 208.758 228.02 151.162 785.486 0.166694 0.00765967 0.825646 0 0 0.0155673 0.00162561 0.0358461 0 0 0 0 0 0.0561801 0.0265333 0.0302254 0.104756 0 0 0.000716372 0.00316857 0 0.00308591 0.0079352 0.00719127 0.0352951 0.125034 0.0184328 0 0 0 0.000358186 0.0573373 0.0178542 0.147214 0.153028 0.0751088 0.00286549 0.00763212 0 0 0.0175236 0.0414669 0.00801785 
3103.11 180.098 13.7851 288.881 48.4667 3373.28 206.025 228.333 155.252 1721.83 0.446163 0 0.553837 0 0 0.00269356 0 0.0169556 0 0 0 0 0 0.0134678 0.00448926 0.0377789 0.041094 0 0 0.00138131 0 0 0.00255543 0.0102217 0 0.060087 0.0938946 0.0310104 0 0.0120174 0.00176117 0 0.209545 0.0219628 0.072657 0.125216 0.0624353 0.00296982 0.000828787 0.000207197 0.00293529 0.0559431 0.0888183 0.0270737 
3087.88 169.352 14.4305 341.161 61.468 803.584 212.875 223.197 141.415 754.547 0.210223 0.28609 0.502008 0.00167863 0 0.00260022 0.000592456 0.000460799 0 0 0 0 3.29142e-05 0.00296228 0.0169179 0.00197485 0.0447304 0 0 0.00322559 0 0 0.00523336 0.00269897 0.00487131 0.129353 0.139194 0.0723455 0 0 0.000954513 0.000164571 0.0892305 0.0337371 0.0650385 0.187809 0.120071 0.00217234 0.000526628 0 0 0.0233362 0.0198473 0.029919 
3074.27 161.457 10.7867 350.415 46.4687 5767.57 216.465 233.172 149.955 3311.47 0.945556 0 0.0544441 0 0 0 0 0 0 0 0 0.00111512 0 0 0 0 0 0 0 0.0123319 0 0 0.00596917 0.0575927 0 0.0773368 0.0493932 0.0257133 0 0 0 0 0.57855 0.137553 0 0 0 0 0.000327976 0 0 0.0316825 0 0.0224336 
2954.61 158.392 14.6242 242.492 41.928 1494.72 210.848 223.448 143.805 1571.27 0.25058 0.0984998 0.650768 0.000153086 0 0.0172331 0.00787298 0.052749 0 0 0 0 0 0.0441981 0.0437825 0.0357346 0.0697634 0 0 0.000634213 0.00813542 0 0.00706381 0.0118532 0.00673577 0.0195512 0.104667 0.0418143 0 0 0 0.00424266 0.123606 0.0268556 0.0740716 0.102349 0.107685 0.00168394 0.00277741 0 0 0.0344224 0.0258496 0.0246687 
3109.28 178.66 13.252 221.717 36.5189 4399.27 209.362 224.547 147.782 890.076 0.807451 0 0.192549 0 0 0 0 0 0 0 0 0 0 0 0 0.00616793 0.0037306 0 0 0 0 0 0.0231795 0.00512336 0 0.0847095 0.106944 0.0225826 0 0 0 0 0.413848 0.113908 0.00383008 0.0382511 0.0540191 0.0106446 0 0 0 0.0673498 0.0382014 0.00751094 
2876.73 122.941 11.9875 240.395 28.2924 1271.53 221.824 225.817 135.178 4923.16 0.598833 0.401167 0 0 0 0 0 0 0 0 0 0 0 0 0 0.152673 0 0 0 0.0318148 0 0.148343 0.00705949 0.0111069 0 0.176299 0.0544051 0.0137425 0.0197666 0 0 0 0.231081 0.0146837 0 0.0585467 0.0242846 0 0.00357681 0 0 0.0316265 0.0112011 0.00978916 
2892.56 122.223 11.049 189.094 25.8779 3299.45 219.78 223.312 135.978 5831.99 1 0 0 0 0 0 0 0 0 0 0 0.00275971 0 0 0 0.273802 0 0 0 0.0271371 0 0 0.00157698 0.105395 0 0 0 0.00880478 0 0 0 0 0.447861 0.123727 0 0 0 0 0 0 0 0 0.00788488 0.00105132