3136.89 179.099 11.0233 294.686 42.5593 5620.3 209.916 232.444 156.769 1266.46 1 0 0 0 0 0 0 0 0 0 0 0 0 0 0 0 0 0 0 0.000852838 0 0 0.0255851 0.0132664 0 0.200275 0.0793613 0 0 0 0 0 0.4801 0.112812 0 0 0 0 0 0 0 0.0772766 0.0104236 4.73799e-05 
2868.2 155.592 15.8301 268.377 50.8281 597.345 211.385 217.775 136.377 1563.5 0.374216 0.0865372 0.437508 0.101739 0.00280035 0.0146545 0.00585337 0.0333937 0.0035794 0.0336253 0 0 0.00793784 0.0828105 0.0428054 0.0391839 0.0188866 0.000421106 0 0.00294774 0.00307407 0.000315829 0.00231608 0.0139175 0.000315829 0.0808944 0.122605 0.0569335 0 0 0.00360045 0.00772729 0.140902 0.0909799 0.0157915 0.0771887 0.0879269 0 0 0 0 0.000147387 0.00347412 0.00298985 
2382.5 159.3 20.4739 183.206 51.4122 436.64 201.176 209.061 135.098 594.195 0.130954 0.00474592 0.246415 0.617885 0.0777654 0.0683752 0.0642056 0.0652226 0.0369165 0.0710872 0 0 0.00820367 0.355199 0.0432218 0.0134581 0.000372894 0.0125089 0.000101698 0.00694939 0.019899 6.77989e-05 0.000440693 0.00576291 0 0.0140005 0.0187464 0.000745788 0 0 0 0 0.0368148 0.044171 0.0120343 0.00288145 0.0190854 0.00176277 0 0 0 0 0 0 
3096.87 122.708 11.6491 279.996 29.738 3928.31 218.657 221.295 135.085 3987.36 0.8517 0 0.1483 0 0 0 0 0 0 0 0 0.00145666 0 0 0 0.116029 0 0 0 0.000896409 0 0 0.00683512 0.0243151 0 0.0584907 0.173343 0.00862793 0 0 0 0 0.388089 0.0369208 0 0.000728332 0.028405 0 0.00666704 0 0 0.0519357 0.048294 0.0489663 
3056.99 139.67 13.7438 280.505 45.4879 3136.67 216.059 222.368 137.541 2795.47 0.632666 0 0.367334 0 0 3.84482e-05 0 0.000384482 0 0 0 0 0 0.0224922 0.026337 0.122611 0 0 0 0.000845861 0.000538275 0 0.000192241 0.0143796 0 0.0281826 0.112269 0.0754354 0 0.00780499 0.00815102 0 0.228113 0.091699 0.0612096 0.057903 0.0612865 0 0.00238379 0 0.0075743 0.00519051 0.0510208 0.0139567 
3102.61 177.347 13.9132 317.222 57.6189 2903.98 209.241 229.417 152.195 867.405 0.18936 0 0.810639 0 0 0.00578681 0 0.0157848 0 0 0 0 0 0.0513651 0.00320853 0.000343771 0.0443178 0 0 0 0 0 0.00627381 0.00936775 0.00263557 0.0640846 0.125648 0.0485576 0 0.000343771 0.000544303 0 0.0831638 0.0029507 0.0562351 0.21351 0.143295 0.018936 0.0110866 0.00323717 0.000429713 0.0405076 0.023405 0.0249807 
2959.56 172.605 10.6504 355.694 50.3756 5203.75 211.497 231.412 154.142 5354.44 0.996822 0 0.00317774 0 0 0 0 0 0 0 0.00741473 0.00381329 0 0 0 0.297578 0 0 0 0.0341078 0 0 0.0214674 0.0502083 0 0 0.0170186 0.0695572 0 0 0 0 0.401313 0.0943436 0 0 0 0 7.06165e-05 0 0 0.00310713 0 0 
3051.43 126.205 13.5919 263.997 41.8234 1881.69 218.444 221.328 133.678 3043.3 0.459971 0.101797 0.438232 0 0 0.0028581 0 0.00851349 0 0 0 0 0 0.00589863 0.00361823 0.0664964 0.00100337 0 0 0.00215878 0.00471282 0.000364864 0.00522971 0.0121925 0 0.0445134 0.128493 0.0530877 0 0.0274864 0 0 0.171334 0.0410472 0.0623917 0.113929 0.134543 0 0.0141385 0 0 0.0410472 0.0407127 0.0142297 
2530.04 163.838 18.3853 182.752 49.9883 1192.91 205.13 215.714 139.304 827.395 0.13117 0 0.464581 0.40425 0.0176294 0.0750124 0.0645632 0.0699046 0.00986545 0.0840898 0 0 0.0153819 0.249351 0.0382943 0.0202855 0.0482473 0.00612942 0 0.0109454 0.0202271 0 2.91877e-05 0.00720936 0 0.00840606 0.0498818 0.0144479 0 0 0 0.00954438 0.031873 0.028604 0.0281661 0.0257144 0.0635416 0.00262689 0 0 0 0 2.91877e-05 0 
2993.2 146.889 13.577 298.099 52.2761 2295.62 214.148 223.939 141.316 2022.44 0.310834 0.0155073 0.673658 0 0 0.00889111 0 0.020412 0 0 0 0 0 0.0436833 0.0207877 0.0674556 0.0537224 0 0 0.00315155 0.013608 0 0.00156534 0.0114165 0 0.0178866 0.0651806 0.050049 0 0.0205372 0.010853 0 0.127293 0.0280508 0.058314 0.160938 0.122388 0.00338113 0.00740926 0 0 0.0279256 0.0216851 0.0334147 
3114.13 138.486 11.77 282.683 42.2464 4557.27 217.658 224.109 138.868 2391.51 0.866381 0 0.13362 0 0 0 0 0 0 0 0 0.00163599 0 0 0 0.014683 0.000777096 0 0 0.00629857 0 0 0.0364826 0.00813906 0 0.1009 0.167853 0.00895706 0 0.000695297 0.00343558 0 0.425481 0.0841309 0.00503067 0.00944785 0.0366462 0 0.000408998 0 4.08998e-05 0.0503476 0.0190593 0.0195501 
3009.65 138.457 13.3542 289.199 46.083 1076.41 216.545 222.95 137.796 2413.86 0.436728 0.0794184 0.483854 0 0 0.000166889 0 0.00949182 0 0 0 0 0 0.00995077 0.0473131 0.0408253 0.0226552 0 0 0.00162717 0.0143107 0.00613318 0.00509012 0.0207986 0.000292056 0.0667348 0.128338 0.0437458 0.00550734 0.0025242 0 0.000834446 0.203313 0.0413885 0.0455607 0.130799 0.114695 0.00208611 0.000104306 0 0 0.016376 0.0146028 0.00473548 
2980.1 178.145 14.2218 240.243 42.5133 1999.33 208.748 228.023 151.176 785.621 0.166685 0.00766431 0.825651 0 0 0.0155768 0.0016266 0.0358127 0 0 0 0 0 0.056159 0.0265494 0.0301886 0.104764 0 0 0.000716806 0.00317049 0 0.00308778 0.00794001 0.00716806 0.0352889 0.125 0.018444 0 0 0 0.000303264 0.0573445 0.017865 0.147249 0.153038 0.0751544 0.00283966 0.00763674 0 0 0.0175342 0.0415196 0.00802272 
3103.08 180.099 13.7835 288.897 48.478 3373.07 206.028 228.333 155.251 1721.73 0.446002 0 0.553998 0 0 0.002693 0 0.0169521 0 0 0 0 0 0.013465 0.00448833 0.037771 0.041051 0 0 0.00138102 0 0 0.0025549 0.0102196 0 0.0600746 0.0938406 0.031004 0 0.0120149 0.00176081 0 0.209501 0.0219583 0.072711 0.125363 0.0624568 0.0029692 0.000828615 0.000207154 0.00293468 0.055966 0.0887999 0.0270336 
3087.89 169.374 14.4318 341.201 61.4462 803.063 212.87 223.193 141.415 754.997 0.210412 0.286166 0.501744 0.00167829 0 0.00259971 0.000592339 0.000460708 0 0 0 0 3.29077e-05 0.00292879 0.0169804 0.00200737 0.0446229 0 0 0.00322496 0 0 0.00523233 0.00269843 0.00487034 0.129459 0.139101 0.0723312 0 0 0.000954324 0.000197446 0.0892458 0.0337962 0.0650586 0.187739 0.120113 0.00217191 0.000526524 0 0 0.0233316 0.0198105 0.0299131 
3074.29 161.453 10.7875 350.403 46.4754 5767.49 216.467 233.167 149.946 3311.16 0.945556 0 0.0544441 0 0 0 0 0 0 0 0 0.00111512 0 0 0 0 0 0 0 0.0123319 0 0 0.00596917 0.0575927 0 0.0774024 0.0493932 0.0257134 0 0 0 0 0.578353 0.137684 0 0 0 0 0.000327976 0 0 0.0316825 0 0.0224336 
2954.51 158.4 14.6248 242.438 41.9266 1494.89 210.852 223.45 143.8 1571.04 0.250519 0.0984714 0.650834 0.000174944 0 0.0172538 0.0079162 0.0527674 0 0 0 0 0 0.044217 0.0437578 0.0357978 0.0697588 0 0 0.000634171 0.00817862 0 0.00706335 0.0118524 0.0067572 0.0195281 0.10466 0.0417678 0 0 0 0.00426425 0.123532 0.0268539 0.0740668 0.10232 0.107656 0.00168383 0.00277723 0 0 0.0343983 0.0258698 0.0246671 
3109.28 178.663 13.2531 221.738 36.5166 4399.25 209.36 224.547 147.784 890.059 0.807401 0 0.192598 0 0 0 0 0 0 0 0 0 0 0 0 0.00611819 0.00378034 0 0 0 0 0 0.0231795 0.00512336 0 0.0847095 0.106944 0.0225826 0 0 0 0 0.413848 0.113908 0.00383008 0.0382511 0.0540191 0.0106446 0 0 0 0.0673498 0.0382014 0.00751094 
2876.65 122.917 11.988 240.323 28.3002 1271.46 221.825 225.812 135.172 4923.96 0.598889 0.401111 0 0 0 0 0 0 0 0 0 0 0 0 0 0.152665 0 0 0 0.0318327 0 0.148427 0.00706348 0.0111132 0 0.176304 0.0544359 0.0137502 0.0197777 0 0 0 0.231023 0.014692 0 0.0584856 0.0242984 0 0.00357883 0 0 0.0315502 0.0112074 0.00979469 
2892.57 122.222 11.0486 189.105 25.8792 3299.55 219.778 223.312 135.979 5831.94 1 0 0 0 0 0 0 0 0 0 0 0.00275989 0 0 0 0.273755 0 0 0 0.0271389 0 0 0.00157708 0.105402 0 0 0 0.00880536 0 0 0 0 0.447891 0.123735 0 0 0 0 0 0 0 0 0.0078854 0.00105139 