3136.89 179.099 11.0232 294.687 42.5593 5620.3 209.916 232.444 156.769 1266.45 1.00001 0 0 0 0 0 0 0 0 0 0 0 0 0 0 0 0 0 0 0.000852838 0 0 0.0255851 0.0132664 0 0.200274 0.0793612 0 0 0 0 0 0.480098 0.112811 0 0 0 0 0 0 0 0.0772765 0.0104236 4.73799e-05 
2868.2 155.592 15.8301 268.377 50.8281 597.345 211.384 217.775 136.377 1563.5 0.374213 0.0865371 0.437504 0.101739 0.00280035 0.0146545 0.00585337 0.0333937 0.0035794 0.0336253 0 0 0.00793785 0.0828103 0.0428054 0.0391839 0.0188866 0.000421106 0 0.00294774 0.00307407 0.000315829 0.00231608 0.0139175 0.000315829 0.0808943 0.122604 0.0569335 0 0 0.00360045 0.00772729 0.140901 0.0909797 0.0157915 0.0771886 0.0879267 0 0 0 0 0.000147387 0.00347412 0.00298985 
2382.5 159.3 20.4739 183.206 51.4121 436.64 201.175 209.06 135.098 594.195 0.130954 0.00474592 0.246415 0.617889 0.0777653 0.0683752 0.0642056 0.0652226 0.0369165 0.0710871 0 0 0.00820367 0.355199 0.0432218 0.0134581 0.000372894 0.0125089 0.000101698 0.00694939 0.019899 6.77989e-05 0.000440693 0.00576291 0 0.0140005 0.0187464 0.000745788 0 0 0 0 0.0368148 0.044171 0.0120343 0.00288145 0.0190854 0.00176277 0 0 0 0 0 0 
3096.87 122.708 11.6491 279.996 29.738 3928.32 218.657 221.295 135.085 3987.36 0.851703 0 0.1483 0 0 0 0 0 0 0 0 0.00145666 0 0 0 0.116029 0 0 0 0.000896409 0 0 0.00683512 0.0243151 0 0.0584907 0.173343 0.00862793 0 0 0 0 0.388089 0.0369208 0 0.000728332 0.028405 0 0.00666704 0 0 0.0519357 0.048294 0.0489663 
3056.99 139.671 13.7438 280.505 45.4879 3136.67 216.059 222.368 137.541 2795.46 0.632667 0 0.367334 0 0 3.84482e-05 0 0.000384482 0 0 0 0 0 0.0224922 0.026337 0.122612 0 0 0 0.000845861 0.000538275 0 0.000192241 0.0143796 0 0.0281825 0.112269 0.0754355 0 0.00780499 0.00815102 0 0.228113 0.0916991 0.0612096 0.057903 0.0612865 0 0.00238379 0 0.0075743 0.00519051 0.0510208 0.0139567 
3102.61 177.347 13.9132 317.223 57.6187 2903.98 209.242 229.418 152.195 867.406 0.18936 0 0.81063 0 0 0.0057868 0 0.0157848 0 0 0 0 0 0.0513651 0.00320853 0.000343771 0.0443178 0 0 0 0 0 0.00627381 0.00936775 0.00263557 0.0640847 0.125649 0.0485576 0 0.000343771 0.000544303 0 0.083164 0.0029507 0.0562352 0.21351 0.143295 0.018936 0.0110866 0.00323717 0.000429713 0.0405076 0.023405 0.0249806 
2959.57 172.605 10.6504 355.694 50.3756 5203.75 211.497 231.413 154.142 5354.44 0.996817 0 0.00317774 0 0 0 0 0 0 0 0.00741473 0.00381329 0 0 0 0.297578 0 0 0 0.0341078 0 0 0.0214674 0.0502083 0 0 0.0170186 0.0695573 0 0 0 0 0.401314 0.0943436 0 0 0 0 7.06165e-05 0 0 0.00310713 0 0 
3051.43 126.205 13.5919 263.998 41.8234 1881.69 218.444 221.328 133.678 3043.3 0.45997 0.101797 0.43823 0 0 0.0028581 0 0.00851348 0 0 0 0 0 0.00589863 0.00361823 0.0664964 0.00100338 0 0 0.00215878 0.00471282 0.000364864 0.00522971 0.0121925 0 0.0445134 0.128493 0.0530876 0 0.0274864 0 0 0.171334 0.0410471 0.0623917 0.113929 0.134544 0 0.0141385 0 0 0.0410471 0.0407127 0.0142297 
2530.04 163.837 18.3854 182.751 49.9882 1192.91 205.13 215.714 139.303 827.395 0.131169 0 0.464583 0.404251 0.0176294 0.0750124 0.0645633 0.0699046 0.00986545 0.0840898 0 0 0.0153819 0.249349 0.0382943 0.0202854 0.0482473 0.00612942 0 0.0109454 0.0202271 0 2.91877e-05 0.00720936 0 0.00840606 0.0498818 0.0144479 0 0 0 0.00954438 0.031873 0.0286039 0.0281661 0.0257144 0.0635417 0.00262689 0 0 0 0 2.91877e-05 0 
2993.2 146.888 13.5767 298.098 52.2755 2295.62 214.148 223.94 141.315 2022.43 0.310847 0.015507 0.673645 0 0 0.00889093 0 0.0204116 0 0 0 0 0 0.0436825 0.0207872 0.0674751 0.0537214 0 0 0.00315148 0.0136077 0 0.0015653 0.0114163 0 0.0178862 0.0651794 0.0500481 0 0.0205368 0.0108528 0 0.12729 0.0280503 0.0583129 0.160934 0.122385 0.00338106 0.00740911 0 0 0.027925 0.0216847 0.0334141 
3114.13 138.486 11.77 282.683 42.2464 4557.27 217.658 224.109 138.868 2391.51 0.866388 0 0.133619 0 0 0 0 0 0 0 0 0.00163599 0 0 0 0.014683 0.000777096 0 0 0.00629857 0 0 0.0364826 0.00813906 0 0.1009 0.167853 0.00895706 0 0.000695297 0.00343558 0 0.42548 0.0841307 0.00503067 0.00944785 0.0366462 0 0.000408998 0 4.08998e-05 0.0503476 0.0190593 0.0195501 
3009.65 138.458 13.3544 289.199 46.083 1076.41 216.545 222.95 137.796 2413.86 0.43673 0.0794184 0.483857 0 0 0.000166889 0 0.00949182 0 0 0 0 0 0.00995077 0.0473131 0.0408253 0.0226552 0 0 0.00162717 0.0143107 0.00613318 0.00509012 0.0207986 0.000292056 0.0667348 0.128338 0.0437458 0.00550734 0.0025242 0 0.000834446 0.203312 0.0413885 0.0455608 0.1308 0.114695 0.00208611 0.000104306 0 0 0.016376 0.0146028 0.00473548 
2980.11 178.146 14.2222 240.248 42.5149 1999.33 208.747 228.021 151.175 785.59 0.166667 0.00766474 0.825669 0 0 0.0155776 0.00162669 0.0358147 0 0 0 0 0 0.0561621 0.0265509 0.0301627 0.10477 0 0 0.000716846 0.00317066 0 0.00308795 0.00794045 0.00716846 0.0352909 0.124979 0.018445 0 0 0 0.000303281 0.0573477 0.017866 0.147257 0.153047 0.0751586 0.00283981 0.00763717 0 0 0.0175351 0.0415219 0.00802316 
3103.08 180.099 13.7835 288.897 48.478 3373.07 206.028 228.333 155.251 1721.73 0.446005 0 0.553999 0 0 0.002693 0 0.0169521 0 0 0 0 0 0.013465 0.00448833 0.037771 0.0410509 0 0 0.00138102 0 0 0.0025549 0.0102196 0 0.0600745 0.0938406 0.031004 0 0.0120149 0.00176081 0 0.209502 0.0219583 0.0727109 0.125362 0.0624568 0.0029692 0.000828615 0.000207154 0.00293468 0.055966 0.0887998 0.0270336 
3087.89 169.374 14.4318 341.2 61.4462 803.062 212.87 223.193 141.415 754.995 0.210412 0.286165 0.501743 0.00167829 0 0.00259971 0.000592339 0.000460708 0 0 0 0 3.29077e-05 0.00292879 0.0169804 0.00200737 0.0446229 0 0 0.00322496 0 0 0.00523233 0.00269843 0.00487034 0.129459 0.139101 0.0723312 0 0 0.000954324 0.000197446 0.0892457 0.0337962 0.0650586 0.187739 0.120113 0.00217191 0.000526524 0 0 0.0233316 0.0198105 0.0299131 
3074.29 161.453 10.7875 350.403 46.4754 5767.49 216.467 233.167 149.946 3311.16 0.945553 0 0.0544441 0 0 0 0 0 0 0 0 0.00111512 0 0 0 0 0 0 0 0.0123319 0 0 0.00596917 0.0575926 0 0.0774024 0.0493932 0.0257133 0 0 0 0 0.578354 0.137684 0 0 0 0 0.000327976 0 0 0.0316825 0 0.0224336 
2954.51 158.401 14.6248 242.434 41.9258 1494.9 210.852 223.45 143.801 1571.04 0.250514 0.0984691 0.650859 0.00017494 0 0.0172534 0.00791603 0.0527662 0 0 0 0 0 0.044216 0.0437568 0.0357971 0.0697572 0 0 0.000634157 0.00817844 0 0.0070632 0.0118522 0.00675705 0.0195277 0.104679 0.0417669 0 0 0 0.00426416 0.123529 0.0268533 0.074065 0.102318 0.107653 0.0016838 0.00277717 0 0 0.0343976 0.0258692 0.0246665 
3109.28 178.663 13.2531 221.738 36.5166 4399.25 209.36 224.547 147.785 890.059 0.807392 0 0.192598 0 0 0 0 0 0 0 0 0 0 0 0 0.00611818 0.00378034 0 0 0 0 0 0.0231795 0.00512336 0 0.0847095 0.106944 0.0225826 0 0 0 0 0.413849 0.113908 0.00383008 0.0382511 0.0540191 0.0106446 0 0 0 0.0673498 0.0382014 0.00751094 
2876.65 122.917 11.988 240.323 28.3001 1271.46 221.825 225.812 135.172 4923.96 0.59889 0.401112 0 0 0 0 0 0 0 0 0 0 0 0 0 0.152665 0 0 0 0.0318327 0 0.148427 0.00706348 0.0111132 0 0.176304 0.0544359 0.0137502 0.0197777 0 0 0 0.231023 0.014692 0 0.0584856 0.0242984 0 0.00357883 0 0 0.0315502 0.0112074 0.00979469 
2892.57 122.222 11.0486 189.105 25.8792 3299.55 219.778 223.312 135.979 5831.94 0.999998 0 0 0 0 0 0 0 0 0 0 0.00275989 0 0 0 0.273755 0 0 0 0.0271389 0 0 0.00157708 0.105402 0 0 0 0.00880536 0 0 0 0 0.447891 0.123735 0 0 0 0 0 0 0 0 0.0078854 0.00105139