k=10 n=64
c 
c Mallob -- a parallel and distributed platform for job scheduling, load balancing, and SAT solving
c Designed by P. Sanders and D. Schreiber 2018-2022
c Developed by D. Schreiber 2019-2022
c 
c 8.213 13                            loaded
c 15.762 13                            first iteration finished
c 31.342 13                            Got Result after iter 37
s SATISFIABLE
v 1113063424 1144571616 1152658092 1119586489 1123571346 1122066792 1155653838 1143433032 1121790491 1125956810 1141218810 1149645216 1112695825 1113425320 1108172918 1140162606 1039300538 1015670134 1039604916 1017904324 
v 1016699368 1010620260 1014034304 1012879553 1014184924 1017967082 1017628188 1017941980 1008812826 1015030001 1009139168 1015469308 1020176170 1020602925 1014862711 1010243711 1016611506 1025715558 1024793012 1031901354 
v 1013482032 1020326789 1027548096 1033711928 1031740340 1020992026 1024228189 1033228690 1111839096 1076187038 1049215937 1084026270 1144324130 1116066307 1088571578 1001923472 1015293636 1025873422 1024670550 1031833528 
v 1014031230 1021405525 1028045092 1033920674 1032048095 1020586272 1023805782 1026393582 1049129275 1022966006 1015241620 1057562182 1144594311 1108988512 1080067060 1116146431 1144366402 1152255557 1119837429 1123758552 
v 1122573175 1156225172 1143644133 1121934510 1126259770 1141225624 1149898327 1113160344 1113906284 1108502493 1140594075 1039710714 1016490006 1039206810 1019467926 1015436680 1010494138 1014265303 1012938892 1010286072 
v 1018570649 1016789098 1018583653 1007763292 1015449684 1009583856 1014213286 1020118127 1022523870 1112024832 1125851646 1134436804 1100989006 1105268536 1098803180 1127443858 1072993554 1092388490 1046786580 1019739159 
v 1020463987 1018841098 1016133245 1008546964 1014181490 1019638868 1016835282 1024168554 1018882126 1022301136 1019780186 1026605167 1026343043 1019192118 1025319620 1027033684 1053322644 1028809286 1029132952 1048389524 
v 1132786128 1096858860 1068140846 1103323504 1132906316 1140144332 1107865274 1134274309 1134593212 1143412030 1133172748 1135033600 1141530638 1139403920 1141462588 1118653204 1143555058 1141990843 1130437260 1119160220 
v 1129959756 1143195402 1120305152 1107913022 1078190148 1114705796 1093211335 1151946886 1118833336 1112936543 1120704868 1151195970 1143089549 1114273504 1124044973 1111944482 1156347614 1119816597 1115029136 1121289337 
v 1141029374 1142391376 1113323780 1114101065 1108584673 1140809152 1040197478 1022271001 1040268291 1015934103 1016711395 1008915635 1015683789 1012709868 1016263463 1011313380 1013052404 1018134232 1019504372 1020690071 
v 1010891798 1015341254 1018937872 1022020688 1031805578 1013368590 1021401489 1027708538 1022376396 1029796686 1014923172 1021612280 1028472656 1041081812 1021454186 1016447906 1055918478 1022324622 1020489338 1017563083 
v 1008012130 1013803463 1017369359 1018806996 1028434420 1014843456 1018174844 1028337558 1027149722 1028699516 1011315637 1018276804 1026752078 1088302246 1051777068 1028393635 1062313202 1141934624 1108680699 1079371694 
v 1112889838 1092435754 1149652886 1116868587 1111084304 1118022793 1148819565 1149872364 1117304836 1120594365 1119426460 1152922487 1141406500 1119135774 1124088952 1138450416 1146677480 1110099754 1110663098 1105514096 
v 1137154008 1036932638 1019673658 1036851070 1016523090 1013986992 1009092907 1012029358 1010173684 1013558759 1017797592 1150789294 1114462324 1115226756 1109359392 1141508144 1049030346 1046019641 1050639120 1040203303 
v 1057677506 1011765126 1015500664 1014706884 1009898242 1018145418 1015175374 1018329278 1008738509 1016165388 1011906556 1015726954 1020507310 1022119620 1013320863 1006091988 1013405722 1024737857 1025027790 1032543064 
v 1015104658 1022331767 1028924208 1032313239 1032012699 1019206150 1022077192 1028139266 1094722788 1056288392 1032005627 1068237078 1145486446 1112185836 1083545900 1117000182 1141225278 1153296408 1120700316 1121567182 
v 1123135484 1156726302 1144502752 1120664310 1126386115 1054473879 1048591717 1133483258 1098113685 1068653516 1104263638 1133639904 1141139644 1108739462 1135117290 1135282951 1144412646 1141889934 1118996262 1142010313 
v 1141060543 1144825014 1134961459 1141357234 1140538214 1132159482 1139815278 1110502712 1138992964 1110708358 1129398094 1100727886 1128508832 1089882493 1077027181 1084840542 1056075919 1068377574 1021630950 1019821530 
v 1019402452 1018002246 1018731930 1017336654 1016587248 1008509250 1016478782 1020250464 1018677697 1024374357 1020038460 1020654749 1023085389 1026203500 1024682502 1018588951 1026943047 1028619351 1028311206 1010615476 
v 1016466636 1012836810 1020072034 1019132239 1016637508 1005336736 1018192444 1023616424 1019892618 1026089793 1013093118 1017372256 1026495614 1032705606 1028939082 1016458094 1023902635 1027307255 1036533134 1028059092 
v 1017141581 1052264825 1139919371 1103659496 1074848285 1110558554 1140589114 1147476494 1115386103 1118273920 1117402906 1150938516 1148105090 1120616734 1121671708 1137476282 1150934489 1138982626 1117207050 1121215735 
v 1135998265 1144353544 1108121870 1108618158 1102952447 1134407156 1034358792 1017842156 1034600148 1019892618 1015168010 1015979652 1015202184 1117165514 1124036908 1132014834 1154505278 1118384546 1113171836 1119672494 
v 1139235738 1141265604 1111631971 1112353052 1107502044 1138920299 1038705370 1019004114 1038353322 1018352390 1017130402 1014071982 1016734712 1013513360 1015384708 1009998695 1012884910 1017514455 1019283426 1019388168 
v 1009463349 1018375666 1023558014 1022355848 1029557384 1011837493 1019399806 1026234745 1027520739 1029871609 1016618332 1023924610 1031425277 1095468216 1058309338 1032339404 1067031630 1142454884 1109921718 1081120296 
v 1113642091 1134963927 1151060120 1117779641 1117546866 1119876477 1153306178 1024143552 1015557810 1032496319 1016346351 1024269002 1031869069 1037097636 1016561408 1015862473 1026240355 1099219260 1063627723 1034270536 
v 1074378173 1064181607 1148236532 1111679550 1085271925 1118771441 1149317686 1146327674 1116593518 1126195895 1114644038 1159669076 1123675645 1117671243 1125072554 1143997224 1145990752 1117101966 1117634642 1112085020 
v 1143928005 1042587459 1018980794 1042638982 1019213772 1015091854 1011004378 1017726296 1015826630 1013800114 1010538422 1016919834 1012366404 991503112 1019482592 1012904044 1017708375 1023462540 1024340688 1016794385 
v 992076596 0
k=10 n=32
c 
c Mallob -- a parallel and distributed platform for job scheduling, load balancing, and SAT solving
c Designed by P. Sanders and D. Schreiber 2018-2022
c Developed by D. Schreiber 2019-2022
c 
c 8.434 9                            loaded
c 15.964 9                            first iteration finished
c 34.221 9                            Got Result after iter 37
s SATISFIABLE
v 1113063424 1144571612 1152658090 1119586492 1123571348 1122066795 1155653840 1143433022 1121790495 1125956810 1141218811 1149645206 1112695828 1113425322 1108172914 1140162606 1039300526 1015670134 1039604902 1017904326 
v 1016699369 1010620260 1014034304 1012879554 1014184924 1017967084 1017628189 1017941980 1008812826 1015030002 1009139168 1015469308 1020176170 1020602926 1014862711 1010243714 1016611507 1025715558 1024793012 1031901353 
v 1013482032 1020326790 1027548095 1033711922 1031740336 1020992026 1024228189 1033228686 1111839096 1076187038 1049215938 1084026269 1144324128 1116066307 1088571578 1001923474 1015293638 1025873423 1024670550 1031833530 
v 1014031231 1021405526 1028045093 1033920672 1032048095 1020586272 1023805783 1026393584 1049129289 1022966008 1015241621 1057562184 1144594315 1108988511 1080067060 1116146430 1144366403 1152255556 1119837426 1123758548 
v 1122573172 1156225172 1143644142 1121934500 1126259770 1141225627 1149898333 1113160346 1113906288 1108502492 1140594074 1039710710 1016490007 1039206804 1019467927 1015436682 1010494138 1014265303 1012938894 1010286074 
v 1018570650 1016789098 1018583655 1007763294 1015449686 1009583856 1014213288 1020118128 1022523872 1112024838 1125851651 1134436812 1100989006 1105268540 1098803178 1127443862 1072993553 1092388490 1046786572 1019739158 
v 1020463988 1018841101 1016133244 1008546964 1014181490 1019638870 1016835281 1024168557 1018882128 1022301140 1019780189 1026605170 1026343046 1019192120 1025319623 1027033684 1053322648 1028809292 1029132956 1048389522 
v 1132786130 1096858857 1068140846 1103323500 1132906329 1140144334 1107865274 1134274324 1134593230 1143412025 1133172768 1135033615 1141530636 1139403928 1141462582 1118653216 1143555038 1141990827 1130437279 1119160228 
v 1129959785 1143195369 1120305160 1107913024 1078190146 1114705798 1093211328 1151946883 1118833342 1112936550 1120704880 1151195970 1143089556 1114273512 1124044984 1111944494 1156347614 1119816608 1115029141 1121289347 
v 1141029375 1142391382 1113323784 1114101074 1108584676 1140809153 1040197478 1022271000 1040268290 1015934102 1016711395 1008915636 1015683790 1012709870 1016263464 1011313380 1013052404 1018134232 1019504371 1020690068 
v 1010891798 1015341253 1018937871 1022020686 1031805576 1013368590 1021401488 1027708536 1022376394 1029796682 1014923172 1021612280 1028472654 1041081816 1021454184 1016447906 1055918468 1022324618 1020489338 1017563084 
v 1008012130 1013803463 1017369360 1018806996 1028434422 1014843458 1018174843 1028337561 1027149725 1028699520 1011315637 1018276804 1026752080 1088302242 1051777067 1028393636 1062313210 1141934624 1108680696 1079371694 
v 1112889836 1092435748 1149652885 1116868587 1111084300 1118022794 1148819574 1149872364 1117304834 1120594372 1119426459 1152922490 1141406502 1119135772 1124088959 1138450416 1146677482 1110099750 1110663092 1105514098 
v 1137154010 1036932640 1019673656 1036851071 1016523090 1013986992 1009092906 1012029357 1010173684 1013558760 1017797591 1150789298 1114462320 1115226749 1109359388 1141508144 1049030344 1046019640 1050639118 1040203302 
v 1057677507 1011765126 1015500664 1014706884 1009898242 1018145418 1015175374 1018329278 1008738510 1016165388 1011906556 1015726954 1020507310 1022119620 1013320863 1006091988 1013405722 1024737858 1025027789 1032543064 
v 1015104658 1022331766 1028924206 1032313240 1032012699 1019206148 1022077192 1028139266 1094722792 1056288392 1032005626 1068237073 1145486448 1112185836 1083545898 1117000177 1141225281 1153296408 1120700317 1121567184 
v 1123135480 1156726301 1144502762 1120664313 1126386114 1054473887 1048591716 1133483256 1098113692 1068653516 1104263651 1133639898 1141139650 1108739470 1135117289 1135282948 1144412670 1141889948 1118996263 1142010329 
v 1141060547 1144825024 1134961462 1141357252 1140538276 1132159454 1139815335 1110502717 1138992998 1110708361 1129398084 1100727898 1128508821 1089882494 1077027181 1084840542 1056075922 1068377573 1021630950 1019821530 
v 1019402454 1018002244 1018731932 1017336655 1016587250 1008509249 1016478781 1020250467 1018677698 1024374359 1020038464 1020654751 1023085394 1026203501 1024682502 1018588953 1026943048 1028619350 1028311205 1010615477 
v 1016466638 1012836811 1020072034 1019132240 1016637510 1005336736 1018192444 1023616424 1019892620 1026089793 1013093119 1017372258 1026495616 1032705606 1028939084 1016458094 1023902635 1027307257 1036533139 1028059092 
v 1017141580 1052264820 1139919382 1103659498 1074848286 1110558554 1140589111 1147476488 1115386102 1118273918 1117402911 1150938506 1148105056 1120616739 1121671720 1137476274 1150934476 1138982646 1117207056 1121215750 
v 1135998266 1144353530 1108121874 1108618160 1102952448 1134407156 1034358790 1017842158 1034600146 1019892618 1015168011 1015979652 1015202185 1117165516 1124036910 1132014834 1154505287 1118384548 1113171837 1119672497 
v 1139235740 1141265606 1111631973 1112353056 1107502046 1138920302 1038705376 1019004116 1038353329 1018352390 1017130404 1014071984 1016734712 1013513362 1015384710 1009998696 1012884912 1017514456 1019283427 1019388168 
v 1009463350 1018375667 1023558014 1022355849 1029557384 1011837494 1019399806 1026234746 1027520742 1029871610 1016618333 1023924610 1031425278 1095468222 1058309340 1032339404 1067031636 1142454885 1109921722 1081120297 
v 1113642100 1134963932 1151060119 1117779642 1117546865 1119876478 1153306178 1024143554 1015557810 1032496318 1016346350 1024269002 1031869070 1037097631 1016561408 1015862474 1026240356 1099219260 1063627722 1034270535 
v 1074378173 1064181593 1148236530 1111679548 1085271924 1118771436 1149317687 1146327670 1116593516 1126195897 1114644040 1159669076 1123675644 1117671241 1125072554 1143997224 1145990746 1117101966 1117634640 1112085020 
v 1143928004 1042587457 1018980794 1042638980 1019213772 1015091853 1011004378 1017726296 1015826629 1013800114 1010538422 1016919835 1012366403 991503112 1019482594 1012904044 1017708376 1023462541 1024340688 1016794384 
v 992076596 0
k=10 n=16
c 
c Mallob -- a parallel and distributed platform for job scheduling, load balancing, and SAT solving
c Designed by P. Sanders and D. Schreiber 2018-2022
c Developed by D. Schreiber 2019-2022
c 
c 8.215 5                            loaded
c 15.853 5                            first iteration finished
c 40.533 5                            Got Result after iter 37
s SATISFIABLE
v 1113063424 1144571564 1152658093 1119586498 1123571358 1122066804 1155653834 1143433000 1121790504 1125956814 1141218802 1149645202 1112695825 1113425316 1108172923 1140162598 1039300546 1015670134 1039604924 1017904320 
v 1016699366 1010620260 1014034304 1012879554 1014184922 1017967080 1017628187 1017941976 1008812826 1015030001 1009139168 1015469308 1020176163 1020602918 1014862711 1010243712 1016611506 1025715552 1024793008 1031901352 
v 1013482032 1020326782 1027548090 1033711928 1031740335 1020992018 1024228182 1033228688 1111839096 1076187040 1049215936 1084026272 1144324126 1116066308 1088571587 1001923473 1015293637 1025873422 1024670550 1031833528 
v 1014031231 1021405528 1028045092 1033920676 1032048095 1020586274 1023805783 1026393582 1049129290 1022966010 1015241622 1057562176 1144594308 1108988514 1080067061 1116146440 1144366396 1152255551 1119837434 1123758560 
v 1122573198 1156225176 1143644122 1121934508 1126259764 1141225626 1149898305 1113160346 1113906284 1108502497 1140594078 1039710720 1016490008 1039206816 1019467929 1015436682 1010494138 1014265303 1012938895 1010286073 
v 1018570652 1016789100 1018583654 1007763293 1015449685 1009583856 1014213286 1020118130 1022523872 1112024860 1125851657 1134436777 1100988999 1105268510 1098803183 1127443866 1072993568 1092388488 1046786583 1019739160 
v 1020463989 1018841100 1016133244 1008546965 1014181492 1019638868 1016835280 1024168554 1018882128 1022301136 1019780186 1026605169 1026343046 1019192116 1025319620 1027033686 1053322641 1028809296 1029132954 1048389526 
v 1132786130 1096858866 1068140846 1103323478 1132906338 1140144305 1107865259 1134274304 1134593196 1143412014 1133172764 1135033584 1141530587 1139403878 1141462540 1118653264 1143554970 1141990755 1130437288 1119160280 
v 1129959830 1143195303 1120305203 1107913022 1078190150 1114705794 1093211329 1151946875 1118833335 1112936544 1120704861 1151195970 1143089532 1114273502 1124044958 1111944478 1156347616 1119816590 1115029138 1121289330 
v 1141029376 1142391366 1113323786 1114101076 1108584674 1140809156 1040197478 1022270998 1040268290 1015934102 1016711394 1008915635 1015683788 1012709866 1016263462 1011313378 1013052402 1018134230 1019504370 1020690068 
v 1010891798 1015341252 1018937870 1022020684 1031805581 1013368588 1021401487 1027708542 1022376394 1029796691 1014923169 1021612276 1028472660 1041081817 1021454187 1016447904 1055918490 1022324618 1020489336 1017563082 
v 1008012130 1013803464 1017369358 1018806995 1028434420 1014843456 1018174842 1028337556 1027149720 1028699516 1011315638 1018276804 1026752075 1088302236 1051777072 1028393634 1062313227 1141934626 1108680706 1079371692 
v 1112889835 1092435739 1149652886 1116868590 1111084310 1118022829 1148819588 1149872354 1117304843 1120594408 1119426508 1152922488 1141406506 1119135783 1124088970 1138450421 1146677482 1110099773 1110663119 1105514088 
v 1137154010 1036932627 1019673656 1036851058 1016523090 1013986991 1009092906 1012029357 1010173684 1013558758 1017797590 1150789288 1114462339 1115226764 1109359398 1141508146 1049030348 1046019642 1050639118 1040203302 
v 1057677506 1011765126 1015500664 1014706884 1009898240 1018145419 1015175373 1018329278 1008738509 1016165388 1011906556 1015726954 1020507312 1022119622 1013320864 1006091986 1013405721 1024737856 1025027788 1032543060 
v 1015104658 1022331768 1028924200 1032313236 1032012696 1019206151 1022077192 1028139262 1094722790 1056288392 1032005626 1068237062 1145486447 1112185838 1083545891 1117000184 1141225312 1153296406 1120700320 1121567193 
v 1123135498 1156726300 1144502774 1120664318 1126386124 1054473868 1048591706 1133483276 1098113678 1068653516 1104263630 1133639937 1141139652 1108739464 1135117340 1135282994 1144412656 1141889934 1118996278 1142010314 
v 1141060581 1144824974 1134961532 1141357249 1140538315 1132159542 1139815377 1110502736 1138993023 1110708386 1129398108 1100727882 1128508850 1089882462 1077027178 1084840532 1056075924 1068377572 1021630944 1019821522 
v 1019402448 1018002242 1018731928 1017336653 1016587250 1008509252 1016478783 1020250457 1018677697 1024374349 1020038456 1020654745 1023085384 1026203492 1024682496 1018588950 1026943034 1028619338 1028311196 1010615478 
v 1016466638 1012836814 1020072034 1019132240 1016637510 1005336738 1018192444 1023616422 1019892617 1026089790 1013093122 1017372258 1026495609 1032705602 1028939076 1016458094 1023902633 1027307250 1036533130 1028059083 
v 1017141582 1052264821 1139919354 1103659499 1074848293 1110558574 1140589096 1147476488 1115386108 1118273916 1117402913 1150938476 1148105056 1120616728 1121671676 1137476272 1150934471 1138982593 1117207048 1121215695 
v 1135998260 1144353508 1108121879 1108618170 1102952450 1134407154 1034358788 1017842156 1034600139 1019892619 1015168012 1015979653 1015202186 1117165513 1124036898 1132014867 1154505299 1118384546 1113171834 1119672492 
v 1139235732 1141265587 1111631976 1112353050 1107502046 1138920296 1038705369 1019004118 1038353322 1018352392 1017130404 1014071982 1016734714 1013513360 1015384709 1009998696 1012884910 1017514458 1019283428 1019388172 
v 1009463350 1018375668 1023558017 1022355853 1029557397 1011837493 1019399808 1026234752 1027520750 1029871623 1016618334 1023924614 1031425290 1095468203 1058309336 1032339404 1067031626 1142454886 1109921716 1081120290 
v 1113642091 1134963935 1151060126 1117779640 1117546863 1119876468 1153306178 1024143552 1015557809 1032496318 1016346350 1024269002 1031869069 1037097645 1016561405 1015862474 1026240354 1099219258 1063627724 1034270537 
v 1074378172 1064181607 1148236539 1111679546 1085271920 1118771440 1149317687 1146327676 1116593518 1126195897 1114644034 1159669076 1123675653 1117671241 1125072560 1143997226 1145990776 1117101968 1117634647 1112085017 
v 1143928002 1042587460 1018980792 1042638982 1019213770 1015091853 1011004378 1017726296 1015826630 1013800114 1010538422 1016919834 1012366402 991503112 1019482591 1012904045 1017708375 1023462539 1024340686 1016794384 
v 992076595 0
k=10 n=8
c 
c Mallob -- a parallel and distributed platform for job scheduling, load balancing, and SAT solving
c Designed by P. Sanders and D. Schreiber 2018-2022
c Developed by D. Schreiber 2019-2022
c 
c 8.336 3                            loaded
c 15.694 3                            first iteration finished
c 56.368 3                            Got Result after iter 37
s SATISFIABLE
v 1113063424 1144571528 1152658100 1119586487 1123571336 1122066810 1155653840 1143432999 1121790474 1125956798 1141218800 1149645218 1112695824 1113425318 1108172912 1140162598 1039300566 1015670132 1039604946 1017904324 
v 1016699365 1010620258 1014034301 1012879550 1014184920 1017967082 1017628184 1017941976 1008812825 1015030000 1009139168 1015469308 1020176166 1020602920 1014862705 1010243710 1016611504 1025715552 1024793012 1031901357 
v 1013482029 1020326786 1027548096 1033711936 1031740346 1020992024 1024228188 1033228694 1111839084 1076187040 1049215936 1084026268 1144324121 1116066314 1088571602 1001923472 1015293638 1025873424 1024670555 1031833531 
v 1014031234 1021405534 1028045096 1033920684 1032048098 1020586279 1023805786 1026393586 1049129277 1022966012 1015241623 1057562153 1144594294 1108988516 1080067048 1116146461 1144366308 1152255560 1119837432 1123758577 
v 1122573177 1156225170 1143644080 1121934508 1126259772 1141225620 1149898316 1113160412 1113906352 1108502516 1140594056 1039710748 1016490011 1039206838 1019467932 1015436683 1010494138 1014265308 1012938896 1010286074 
v 1018570654 1016789102 1018583656 1007763294 1015449687 1009583858 1014213292 1020118132 1022523880 1112024961 1125851630 1134436696 1100989022 1105268646 1098803122 1127443836 1072993619 1092388480 1046786568 1019739151 
v 1020463982 1018841100 1016133254 1008546966 1014181502 1019638866 1016835286 1024168556 1018882129 1022301130 1019780187 1026605181 1026343054 1019192117 1025319628 1027033704 1053322677 1028809317 1029132978 1048389540 
v 1132786092 1096858818 1068140875 1103323554 1132906228 1140144294 1107865326 1134274180 1134593059 1143412011 1133172601 1135033454 1141530562 1139403834 1141462534 1118653348 1143554920 1141990715 1130437120 1119160300 
v 1129959580 1143195284 1120305226 1107913023 1078190128 1114705788 1093211368 1151946886 1118833341 1112936542 1120704864 1151195968 1143089476 1114273497 1124045034 1111944468 1156347604 1119816636 1115029134 1121289386 
v 1141029359 1142391302 1113323773 1114101018 1108584671 1140809142 1040197472 1022271016 1040268284 1015934108 1016711400 1008915636 1015683792 1012709874 1016263468 1011313381 1013052408 1018134239 1019504382 1020690082 
v 1010891800 1015341256 1018937880 1022020699 1031805569 1013368592 1021401502 1027708532 1022376410 1029796672 1014923177 1021612293 1028472646 1041081808 1021454185 1016447910 1055918472 1022324625 1020489340 1017563086 
v 1008012130 1013803468 1017369360 1018807000 1028434408 1014843461 1018174847 1028337550 1027149714 1028699506 1011315640 1018276808 1026752072 1088302253 1051777082 1028393631 1062313232 1141934612 1108680724 1079371718 
v 1112889845 1092435734 1149652866 1116868600 1111084306 1118022878 1148819421 1149872286 1117304846 1120594410 1119426563 1152922486 1141406484 1119135782 1124088980 1138450439 1146677360 1110099808 1110663144 1105514135 
v 1137154005 1036932610 1019673660 1036851045 1016523092 1013986994 1009092907 1012029360 1010173686 1013558762 1017797594 1150789274 1114462278 1115226728 1109359363 1141508144 1049030324 1046019638 1050639098 1040203298 
v 1057677504 1011765126 1015500664 1014706883 1009898242 1018145414 1015175374 1018329272 1008738510 1016165388 1011906557 1015726952 1020507303 1022119612 1013320864 1006091991 1013405722 1024737856 1025027792 1032543072 
v 1015104657 1022331760 1028924218 1032313250 1032012707 1019206146 1022077184 1028139274 1094722811 1056288390 1032005629 1068237080 1145486429 1112185830 1083545894 1117000163 1141225328 1153296404 1120700320 1121567176 
v 1123135446 1156726286 1144502692 1120664314 1126386145 1054474036 1048591770 1133483352 1098113814 1068653634 1104263780 1133640052 1141139700 1108739542 1135117410 1135282188 1144412601 1141889942 1118996352 1142010310 
v 1141060069 1144824986 1134961492 1141357232 1140536218 1132159736 1139815224 1110502742 1138993010 1110708388 1129398251 1100727981 1128508993 1089882518 1077027287 1084840596 1056076076 1068377680 1021631084 1019821644 
v 1019402574 1018002346 1018732050 1017336756 1016587342 1008509344 1016478873 1020250600 1018677812 1024374451 1020038594 1020654888 1023085553 1026203618 1024682600 1018589070 1026943169 1028617026 1028311342 1010615474 
v 1016466630 1012836807 1020072015 1019132223 1016637502 1005336736 1018192430 1023616408 1019892600 1026089765 1013093114 1017372248 1026495585 1032705590 1028939042 1016458086 1023902616 1027307221 1036533094 1028059051 
v 1017141570 1052264879 1139919338 1103659534 1074848292 1110558555 1140588962 1147476487 1115386098 1118273926 1117402891 1150938450 1148105038 1120616748 1121671761 1137476172 1150934468 1138982558 1117207044 1121215784 
v 1135998256 1144353494 1108121890 1108618163 1102952503 1134407142 1034358806 1017842142 1034600168 1019892599 1015168006 1015979644 1015202181 1117165515 1124036974 1132014826 1154505250 1118384578 1113171824 1119672543 
v 1139235748 1141265644 1111631972 1112353037 1107502048 1138920308 1038705340 1019004122 1038353294 1018352396 1017130408 1014071990 1016734719 1013513367 1015384712 1009998700 1012884916 1017514462 1019283432 1019388174 
v 1009463350 1018375672 1023558016 1022355856 1029557394 1011837499 1019399812 1026234752 1027520748 1029871614 1016618338 1023924614 1031425285 1095468212 1058309336 1032339404 1067031633 1142454894 1109921715 1081120296 
v 1113642088 1134963904 1151060119 1117779648 1117546865 1119876500 1153306180 1024143251 1015557510 1032496026 1016346026 1024268696 1031868795 1037097215 1016561076 1015862164 1026248946 1099270578 1063709538 1034341862 
v 1074382072 1064184982 1148237878 1111681222 1085288069 1118771572 1149319156 1146327197 1116593188 1126195546 1114643497 1159668728 1123675102 1117670878 1125072248 1143996841 1145990244 1117101636 1117634293 1112084576 
v 1143927619 1042587110 1018980382 1042638628 1019213352 1015091570 1011003950 1017725925 1015826322 1013799592 1010538010 1016919492 1012365929 991502777 1019482164 1012903552 1017708007 1023462259 1024340378 1016811965 
v 992076242 0
k=10 n=4
c 
c Mallob -- a parallel and distributed platform for job scheduling, load balancing, and SAT solving
c Designed by P. Sanders and D. Schreiber 2018-2022
c Developed by D. Schreiber 2019-2022
c 
c 7.986 0                            loaded
c 15.492 0                            first iteration finished
c 91.075 0                            Got Result after iter 37
s SATISFIABLE
v 1113063424 1144571914 1152657654 1119586762 1123571683 1122067158 1155654203 1143433382 1121790814 1125956940 1141219010 1149645560 1112696277 1113425781 1108173142 1140162971 1039300828 1015670352 1039605192 1017904584 
v 1016699604 1010620558 1014034688 1012879909 1014185314 1017967347 1017628444 1017942236 1008813074 1015013741 1009139427 1015469524 1020176470 1020603238 1014863120 1010243998 1016611742 1025715808 1024793237 1031901564 
v 1013482404 1020327100 1027548396 1033712148 1031740761 1020992340 1024228392 1033222634 1111823044 1076154246 1049214582 1084006880 1144324428 1116063639 1088561386 1001923473 1015293640 1025873428 1024670565 1031833522 
v 1014031236 1021405559 1028045090 1033920698 1032048092 1020586302 1023805802 1026393590 1049129277 1022966026 1015241621 1057562190 1144594335 1108988510 1080067030 1116146390 1144366374 1152255559 1119837429 1123758592 
v 1122573080 1156225190 1143644200 1121934526 1126259738 1141225633 1149898442 1113160164 1113906100 1108502476 1140594055 1039710820 1016490015 1039206908 1019467950 1015436684 1010494142 1014265308 1012938892 1010286077 
v 1018570669 1016789109 1018583672 1007763293 1015449689 1009583858 1014213289 1020118154 1022523905 1112025156 1125853607 1134436569 1100989026 1105268593 1098803210 1127443681 1072993484 1092388410 1046786581 1019739080 
v 1020463908 1018841018 1016133164 1008546876 1014181334 1019638790 1016835196 1024168504 1018882052 1022301064 1019780108 1026605096 1026342980 1019192037 1025319558 1027033592 1053322682 1028811436 1029132836 1048389463 
v 1132786004 1096858851 1068140723 1103323713 1132905968 1140144134 1107865417 1134273928 1134592804 1143411924 1133172316 1135033198 1141530498 1139403598 1141462472 1118652986 1143555390 1141990788 1130436872 1119160302 
v 1129959076 1143195591 1120305074 1107913008 1078190130 1114705775 1093211456 1151946914 1118833369 1112936571 1120705052 1151195983 1143089570 1114273533 1124045100 1111944437 1156347603 1119816714 1115029174 1121289454 
v 1141029364 1142391367 1113323799 1114101174 1108584677 1140809132 1040197510 1022271028 1040268322 1015934103 1016711398 1008915630 1015683788 1012709862 1016263467 1011313374 1013052397 1018134243 1019504388 1020690092 
v 1010891793 1015341250 1018937882 1022020712 1031805602 1013368582 1021401512 1027708574 1022376420 1029796728 1014923164 1021612303 1028472692 1041081832 1021454192 1016447909 1055918459 1022324604 1020489326 1017563074 
v 1008012130 1013803452 1017369352 1018806987 1028434465 1014843448 1018174832 1028337601 1027149755 1028699566 1011315632 1018276795 1026752103 1088302116 1051777106 1028393654 1062313328 1141934562 1108680740 1079371677 
v 1112889867 1092435658 1149652878 1116868594 1111084320 1118022984 1148819072 1149872284 1117304876 1120594518 1119426696 1152922464 1141406340 1119135820 1124089027 1138450368 1146677277 1110099838 1110663176 1105514236 
v 1137153968 1036932664 1019673642 1036851103 1016523081 1013986984 1009092902 1012029352 1010173680 1013558750 1017797581 1150789335 1114462512 1115226880 1109359419 1141508131 1049030393 1046019657 1050639146 1040203294 
v 1057677513 1011765134 1015500669 1014706892 1009898248 1018145419 1015175380 1018329279 1008738516 1016165392 1011906566 1015726959 1020507310 1022119616 1013320874 1006091996 1013405731 1024737845 1025027778 1032543031 
v 1015104664 1022331764 1028924169 1032313210 1032012674 1019206150 1022077188 1028139236 1094722763 1056288395 1032005623 1068237068 1145486442 1112185850 1083545894 1117000238 1141225198 1153296423 1120700331 1121567198 
v 1123135766 1156726322 1144502773 1120664343 1126386187 1054474082 1048591782 1133483272 1098113946 1068653642 1104263789 1133639834 1141139701 1108739603 1135117164 1135281928 1144412629 1141889930 1118996549 1142010335 
v 1141059914 1144825170 1134961144 1141357200 1140536086 1132159366 1139815079 1110502992 1138992912 1110708660 1129398140 1100727982 1128508874 1089882553 1077027285 1084840608 1056076040 1068377693 1021631083 1019821660 
v 1019402552 1018002372 1018732008 1017336748 1016587332 1008509343 1016478872 1020250550 1018677784 1024374410 1020038544 1020654841 1023085480 1026203583 1024682566 1018589035 1026943134 1028616991 1028311317 1010615478 
v 1016466640 1012836812 1020072050 1019132257 1016637514 1005336742 1018192456 1023616432 1019892630 1026089777 1013093120 1017372264 1026495588 1032705556 1028939036 1016458098 1023902643 1027307222 1036533087 1028059042 
v 1017141586 1052264682 1139919336 1103659422 1074848300 1110558493 1140588890 1147476479 1115386097 1118273886 1117402864 1150938543 1148105041 1120616700 1121671544 1137476108 1150934562 1138982540 1117207031 1121215598 
v 1135998252 1144353502 1108121818 1108618123 1102952346 1134407132 1034358716 1017842160 1034600081 1019892634 1015168012 1015979654 1015202186 1117165517 1124036751 1132014780 1154505318 1118384490 1113171912 1119672426 
v 1139235754 1141265644 1111631988 1112353188 1107502050 1138920322 1038705405 1019004120 1038353350 1018352395 1017130407 1014071995 1016734719 1013513372 1015384714 1009998704 1012884920 1017514456 1019283430 1019388171 
v 1009463353 1018375670 1023558019 1022355850 1029557442 1011837500 1019399804 1026234772 1027520777 1029871670 1016618336 1023924615 1031425337 1095468234 1058309334 1032339406 1067031642 1142454882 1109921766 1081120253 
v 1113642222 1134964058 1151060121 1117779651 1117546886 1119876553 1153306186 1024143248 1015557514 1032496002 1016346028 1024268694 1031868774 1037097143 1016561079 1015862168 1026248937 1099270590 1063709582 1034341848 
v 1074382070 1064185068 1148237858 1111681228 1085288054 1118771602 1149319166 1146327193 1116593220 1126195564 1114643552 1159668730 1123675106 1117670912 1125072287 1143996830 1145990164 1117101636 1117634302 1112084573 
v 1143927613 1042587074 1018980384 1042638591 1019213356 1015091573 1011003954 1017725930 1015826326 1013799596 1010538012 1016919496 1012365932 991502777 1019482166 1012903556 1017708010 1023462259 1024340381 1016811969 
v 992076242 0
k=10 n=2
c 
c Mallob -- a parallel and distributed platform for job scheduling, load balancing, and SAT solving
c Designed by P. Sanders and D. Schreiber 2018-2022
c Developed by D. Schreiber 2019-2022
c 
c 8.343 0                            loaded
c 15.925 0                            first iteration finished
c 160.152 0                            Got Result after iter 37
s SATISFIABLE
v 1113063424 1144572490 1152657608 1119586838 1123571899 1122067061 1155654174 1143433590 1121790866 1125956954 1141219047 1149645580 1112695986 1113425436 1108173328 1140163050 1039300398 1015670376 1039604762 1017904628 
v 1016699638 1010620578 1014034716 1012879934 1014185346 1017967390 1017628486 1017942284 1008813088 1015013773 1009139440 1015469543 1020176540 1020603312 1014863152 1010244016 1016611774 1025715854 1024793288 1031901585 
v 1013482432 1020327166 1027548448 1033712070 1031740815 1020992419 1024228444 1033222620 1111822971 1076154212 1049214571 1084006582 1144324479 1116063653 1088561195 1001923470 1015293670 1025873438 1024670558 1031833524 
v 1014031286 1021405549 1028045102 1033920666 1032048085 1020586293 1023805790 1026393588 1049129164 1022966032 1015241648 1057562150 1144594384 1108988500 1080067062 1116146290 1144366874 1152255536 1119837426 1123758530 
v 1122573106 1156225168 1143644390 1121934468 1126259562 1141225664 1149898396 1113160546 1113906510 1108502392 1140594148 1039710702 1016490031 1039206794 1019467953 1015436716 1010494164 1014265358 1012938938 1010286096 
v 1018570677 1016789131 1018583674 1007763297 1015449720 1009583874 1014213342 1020118157 1022523884 1112024038 1125853618 1134436515 1100989174 1105268799 1098803462 1127443758 1072993597 1092388608 1046786543 1019739163 
v 1020464004 1018841116 1016133208 1008546951 1014181408 1019638892 1016835267 1024168652 1018877580 1022301196 1019780215 1026605442 1026343286 1019192142 1025319798 1027033976 1053322352 1028811803 1029133354 1048389538 
v 1132786090 1096859116 1068140816 1103324116 1132906015 1140144459 1107865472 1134274177 1134593158 1143412097 1133172458 1135033490 1141530809 1139403932 1141462766 1118652384 1143555604 1141990741 1130436826 1119159916 
v 1129958816 1143195582 1120302538 1107913110 1078190075 1114705916 1093211455 1151946846 1118833362 1112936543 1120704916 1151195937 1143089769 1114273548 1124044607 1111944991 1156347610 1119816375 1115029188 1121289012 
v 1141029407 1142391614 1113323802 1114101286 1108584715 1140809190 1040197357 1022271052 1040268164 1015934125 1016711422 1008915642 1015683811 1012709892 1016263490 1011313404 1013052430 1018134266 1019504412 1020690116 
v 1010891817 1015341274 1018937906 1022020737 1031805607 1013368622 1021401537 1027708586 1022376446 1029796742 1014923209 1021612328 1028472706 1041081770 1021454212 1016447929 1055918446 1022324603 1020489320 1017563076 
v 1008012125 1013803446 1017369349 1018806986 1028434406 1014843440 1018174838 1028337531 1027149708 1028699498 1011315630 1018276792 1026752062 1088302460 1051777064 1028393637 1062312982 1141934591 1108680771 1079371732 
v 1112889809 1092436004 1149652916 1116868612 1111084304 1118022940 1148819280 1149872452 1117305002 1120594730 1119426659 1152922490 1141406337 1119136066 1124088958 1138450336 1146677712 1110099850 1110663204 1105514312 
v 1137153901 1036932607 1019673650 1036851058 1016523088 1013986982 1009092896 1012029345 1010173674 1013558744 1017797582 1150789270 1114462633 1115226946 1109359648 1141508169 1049030426 1046019681 1050639043 1040203296 
v 1057677487 1011765137 1015500677 1014706906 1009898250 1018145404 1015175386 1018329271 1008738515 1016165392 1011906570 1015726952 1020507293 1022119589 1013320881 1006091982 1013405738 1024737828 1025027758 1032543030 
v 1015104670 1022331730 1028924150 1032313200 1032012664 1019206131 1022077164 1028139208 1094722674 1056288344 1032005614 1068236946 1145486482 1112185861 1083545910 1117000434 1141225103 1153296384 1120700307 1121567196 
v 1123135943 1156726302 1144502934 1120664309 1126385954 1054473879 1048591894 1133483220 1098113438 1068653477 1104263834 1133639594 1141139702 1108739684 1135116928 1135282634 1144412800 1141889896 1118996279 1142010302 
v 1141060464 1144824970 1134961206 1141357354 1140538808 1132158928 1139815818 1110503254 1138993349 1110708917 1129397944 1100727962 1128508661 1089882419 1077027139 1084840516 1056076048 1068377537 1021630876 1019821484 
v 1019402440 1018002236 1018731953 1017336670 1016587282 1008509276 1016478806 1020250444 1018677710 1024374272 1020038464 1020654743 1023085336 1026203298 1024682398 1018588962 1026942801 1028618998 1028310871 1010615444 
v 1016466622 1012836754 1020072084 1019132271 1016637496 1005336758 1018192458 1023616468 1019892664 1026089817 1013093058 1017372259 1026495630 1032705528 1028939086 1016458078 1023902685 1027307276 1036533173 1028059096 
v 1017141577 1052264844 1139919342 1103659604 1074848300 1110558466 1140588758 1147476632 1115385958 1118273838 1117402646 1150938842 1148105624 1120616664 1121671403 1137475950 1150934590 1138982504 1117206802 1121215376 
v 1135998248 1144353842 1108121947 1108618187 1102952568 1134407130 1034358595 1017842164 1034599928 1019892664 1015167976 1015979627 1015202146 1117165902 1124037134 1132017328 1154504886 1118384360 1113171408 1119672426 
v 1139235360 1141265239 1111631680 1112352553 1107501886 1138919932 1038705286 1019003849 1038353240 1018352142 1017130182 1014071648 1016746138 1013513036 1015384521 1009998446 1012884598 1017514223 1019283155 1019387898 
v 1009463105 1018375416 1023557844 1022355516 1029557212 1011837196 1019399540 1026234574 1027520560 1029871432 1016618118 1023924432 1031425089 1095467894 1058309099 1032339239 1067030962 1142454654 1109921454 1081119879 
v 1113641824 1134965744 1151059894 1117779429 1117547112 1119876242 1153306246 1024143515 1015557802 1032496282 1016346336 1024268962 1031869021 1037097682 1016561386 1015862462 1026240304 1099219260 1063627737 1034270524 
v 1074378169 1064181962 1148236487 1111679544 1085271922 1118771512 1149317685 1146327642 1116593513 1126195962 1114643983 1159669082 1123675944 1117671244 1125072644 1143997220 1145990552 1117101976 1117634749 1112085000 
v 1143928010 1042587578 1018980758 1042639088 1019213733 1015091849 1011004372 1017726274 1015826620 1013800106 1010538416 1016919816 1012366396 991503112 1019482548 1012904037 1017708352 1023462504 1024340648 1016794366 
v 992076597 0
k=10 n=1
c 
c Mallob -- a parallel and distributed platform for job scheduling, load balancing, and SAT solving
c Designed by P. Sanders and D. Schreiber 2018-2022
c Developed by D. Schreiber 2019-2022
c 
c 7.936 0                            loaded
c 15.472 0                            first iteration finished
c 288.032 0                            Got Result after iter 37
s SATISFIABLE
v 1113063424 1144572153 1152657994 1119586564 1123571599 1122066097 1155653822 1143432907 1121790679 1125957230 1141218822 1149644795 1112695487 1113424944 1108172680 1140162657 1039300940 1015670129 1039605326 1017904385 
v 1016699393 1010620257 1014034265 1012879527 1014184883 1017967145 1017628241 1017942041 1008812841 1015029977 1009139180 1015469297 1020176297 1020603065 1014862664 1010243712 1016611529 1025715736 1024793164 1031901536 
v 1013481999 1020326921 1027548328 1033712162 1031740696 1020992177 1024228324 1033228882 1111838875 1076186997 1049215922 1084025742 1144324075 1116066284 1088571117 1001923460 1015293625 1025873407 1024670537 1031833518 
v 1014031210 1021405505 1028045075 1033920660 1032048084 1020586253 1023805771 1026393567 1049129614 1022965993 1015241611 1057563131 1144594216 1108988469 1080067384 1116146116 1144366797 1152255523 1119837354 1123758342 
v 1122571961 1156225233 1143643948 1121934370 1126259992 1141225604 1149897903 1113159817 1113905736 1108502509 1140594201 1039710691 1016489993 1039206786 1019467909 1015436669 1010494122 1014265282 1012938874 1010286058 
v 1018570633 1016789085 1018583637 1007763282 1015449673 1009583842 1014213266 1020118109 1022523849 1112023490 1125851850 1134436677 1100988932 1105267715 1098803756 1127444256 1072992776 1092388823 1046787620 1019739843 
v 1020464715 1018841732 1016133686 1008547232 1014182156 1019639557 1016835772 1024168920 1018878204 1022302013 1019780886 1026605171 1026343086 1019192775 1025319815 1027033625 1053323084 1028809097 1029132600 1048391438 
v 1132786486 1096859375 1068140588 1103323118 1132906933 1140144506 1107864809 1134274888 1134593867 1143412294 1133173496 1135034155 1141530576 1139404647 1141462252 1118651673 1143554844 1141990107 1130438481 1119157869 
v 1129960808 1143194856 1120302051 1107913068 1078190260 1114705786 1093210698 1151946746 1118833267 1112936426 1120703341 1151195925 1143089407 1114273311 1124043818 1111944347 1156347536 1119815941 1115028945 1121288167 
v 1141029409 1142391354 1113323714 1114100257 1108584686 1140809172 1040197885 1022270801 1040268706 1015934107 1016711373 1008915666 1015683801 1012709922 1016263457 1011313425 1013052459 1018134165 1019504261 1020689921 
v 1010891841 1015341277 1018937779 1022020495 1031805385 1013368647 1021401317 1027708282 1022376193 1029796361 1014923238 1021612101 1028472375 1041081909 1021454154 1016447901 1055918354 1022324605 1020489325 1017563073 
v 1008012121 1013803449 1017369349 1018806985 1028434407 1014843441 1018174833 1028337545 1027149711 1028699503 1011315625 1018276793 1026752067 1088302659 1051777122 1028393624 1062313822 1141934661 1108680803 1079372081 
v 1112889793 1092436516 1149652790 1116868545 1111084997 1118022382 1148819762 1149872024 1117305027 1120593531 1119425887 1152922410 1141406687 1119135806 1124088453 1138450428 1146677076 1110099888 1110663204 1105514312 
v 1137154113 1036932622 1019673645 1036851054 1016523081 1013986977 1009092897 1012029345 1010173673 1013558745 1017797581 1150788710 1114462297 1115226573 1109359510 1141507903 1049030404 1046019345 1050639147 1040203136 
v 1057677294 1011764721 1015500394 1014706361 1009897911 1018145135 1015175105 1018328994 1008738226 1016165115 1011906146 1015726682 1020507016 1022119318 1013320396 1006091603 1013405251 1024737602 1025027513 1032542718 
v 1015104390 1022331463 1028923634 1032312878 1032012318 1019205860 1022076889 1028138779 1094722710 1056288025 1032008889 1068237157 1145485997 1112185547 1083545390 1117000105 1141226457 1153296154 1120700024 1121566890 
v 1123134707 1156726084 1144502031 1120664792 1126386125 1054473756 1048591835 1133483465 1098114476 1068653413 1104265226 1133640126 1141139592 1108740012 1135117499 1135282216 1144412282 1141889715 1118994954 1142010158 
v 1141060157 1144824792 1134961496 1141357053 1140535204 1132160230 1139814259 1110502189 1138992544 1110707720 1129398388 1100729059 1128509211 1089881881 1077027619 1084840709 1056075830 1068377621 1021630872 1019821515 
v 1019402392 1018002235 1018731868 1017336678 1016587318 1008509328 1016478858 1020250308 1018677638 1024374122 1020038318 1020654568 1023085058 1026203152 1024682247 1018588898 1026942652 1028616387 1028310727 1010615398 
v 1016466642 1012836708 1020072210 1019132370 1016637522 1005336681 1018192530 1023616601 1019892786 1026090089 1013093013 1017372306 1026495929 1032705932 1028939513 1016458098 1023902825 1027307609 1036533382 1028059461 
v 1017141616 1052265294 1139919849 1103659170 1074847853 1110558013 1140590286 1147476455 1115386024 1118274122 1117402407 1150938673 1148104756 1120616718 1121671661 1137477095 1150934280 1138983726 1117206693 1121215624 
v 1135998389 1144353513 1108121399 1108617662 1102952100 1134407278 1034359196 1017842226 1034600564 1019892786 1015167954 1015979634 1015202130 1117166044 1124037194 1132016513 1154504680 1118384715 1113171840 1119672553 
v 1139235460 1141265544 1111631692 1112353113 1107501770 1138920024 1038704162 1019003879 1038352173 1018352151 1017130161 1014071523 1016746107 1013512923 1015384461 1009998398 1012884498 1017514215 1019283191 1019387933 
v 1009463073 1018375427 1023557903 1022355623 1029557292 1011837123 1019399571 1026234643 1027520642 1029871518 1016618089 1023924500 1031425166 1095468024 1058309104 1032339216 1067031715 1142454640 1109921507 1081120019 
v 1113641575 1134965312 1151059767 1117779565 1117547137 1119876891 1153306292 1024143288 1015557562 1032495836 1016346086 1024268728 1031868636 1037096796 1016561138 1015862219 1026248919 1099270596 1063709488 1034341777 
v 1074382070 1064184576 1148238093 1111681612 1085287736 1118772493 1149319178 1146327331 1116593786 1126195822 1114646352 1159668696 1123674886 1117671530 1125072235 1143996884 1145990947 1117101797 1117634473 1112085055 
v 1143927553 1042586734 1018980473 1042638254 1019213446 1015091616 1011003992 1017726003 1015826377 1013799668 1010538046 1016919558 1012365988 991502778 1019482261 1012903618 1017708082 1023462328 1024340408 1016812032 
v 992076242 0
