k=10 n=8
c 
c Mallob -- a parallel and distributed platform for job scheduling, load balancing, and SAT solving
c Designed by P. Sanders and D. Schreiber 2018-2022
c Developed by D. Schreiber 2019-2022
c 
c 5.149 3                            loaded
c 9.972 3                            first iteration finished
c 46.510 3                            Got Result after iter 37
s SATISFIABLE
v 1113063424 1144571528 1152658100 1119586487 1123571336 1122066810 1155653840 1143432999 1121790474 1125956798 1141218800 1149645218 1112695824 1113425318 1108172912 1140162598 1039300566 1015670132 1039604946 1017904324 
v 1016699365 1010620258 1014034301 1012879550 1014184920 1017967082 1017628184 1017941976 1008812825 1015030000 1009139168 1015469308 1020176166 1020602920 1014862705 1010243710 1016611504 1025715552 1024793012 1031901357 
v 1013482029 1020326786 1027548096 1033711936 1031740346 1020992024 1024228188 1033228694 1111839084 1076187040 1049215936 1084026268 1144324121 1116066314 1088571602 1001923472 1015293638 1025873424 1024670555 1031833531 
v 1014031234 1021405534 1028045096 1033920684 1032048098 1020586279 1023805786 1026393586 1049129277 1022966012 1015241623 1057562153 1144594294 1108988516 1080067048 1116146461 1144366308 1152255560 1119837432 1123758577 
v 1122573177 1156225170 1143644080 1121934508 1126259772 1141225620 1149898316 1113160412 1113906352 1108502516 1140594056 1039710748 1016490011 1039206838 1019467932 1015436683 1010494138 1014265308 1012938896 1010286074 
v 1018570654 1016789102 1018583656 1007763294 1015449687 1009583858 1014213292 1020118132 1022523880 1112024961 1125851630 1134436696 1100989022 1105268646 1098803122 1127443836 1072993619 1092388480 1046786568 1019739151 
v 1020463982 1018841100 1016133254 1008546966 1014181502 1019638866 1016835286 1024168556 1018882129 1022301130 1019780187 1026605181 1026343054 1019192117 1025319628 1027033704 1053322677 1028809317 1029132978 1048389540 
v 1132786092 1096858818 1068140875 1103323554 1132906228 1140144294 1107865326 1134274180 1134593059 1143412011 1133172601 1135033454 1141530562 1139403834 1141462534 1118653348 1143554920 1141990715 1130437120 1119160300 
v 1129959580 1143195284 1120305226 1107913023 1078190128 1114705788 1093211368 1151946886 1118833341 1112936542 1120704864 1151195968 1143089476 1114273497 1124045034 1111944468 1156347604 1119816636 1115029134 1121289386 
v 1141029359 1142391302 1113323773 1114101018 1108584671 1140809142 1040197472 1022271016 1040268284 1015934108 1016711400 1008915636 1015683792 1012709874 1016263468 1011313381 1013052408 1018134239 1019504382 1020690082 
v 1010891800 1015341256 1018937880 1022020699 1031805569 1013368592 1021401502 1027708532 1022376410 1029796672 1014923177 1021612293 1028472646 1041081808 1021454185 1016447910 1055918472 1022324625 1020489340 1017563086 
v 1008012130 1013803468 1017369360 1018807000 1028434408 1014843461 1018174847 1028337550 1027149714 1028699506 1011315640 1018276808 1026752072 1088302253 1051777082 1028393631 1062313232 1141934612 1108680724 1079371718 
v 1112889845 1092435734 1149652866 1116868600 1111084306 1118022878 1148819421 1149872286 1117304846 1120594410 1119426563 1152922486 1141406484 1119135782 1124088980 1138450439 1146677360 1110099808 1110663144 1105514135 
v 1137154005 1036932610 1019673660 1036851045 1016523092 1013986994 1009092907 1012029360 1010173686 1013558762 1017797594 1150789274 1114462278 1115226728 1109359363 1141508144 1049030324 1046019638 1050639098 1040203298 
v 1057677504 1011765126 1015500664 1014706883 1009898242 1018145414 1015175374 1018329272 1008738510 1016165388 1011906557 1015726952 1020507303 1022119612 1013320864 1006091991 1013405722 1024737856 1025027792 1032543072 
v 1015104657 1022331760 1028924218 1032313250 1032012707 1019206146 1022077184 1028139274 1094722811 1056288390 1032005629 1068237080 1145486429 1112185830 1083545894 1117000163 1141225328 1153296404 1120700320 1121567176 
v 1123135446 1156726286 1144502692 1120664314 1126386145 1054474036 1048591770 1133483352 1098113814 1068653634 1104263780 1133640052 1141139700 1108739542 1135117410 1135282188 1144412601 1141889942 1118996352 1142010310 
v 1141060069 1144824986 1134961492 1141357232 1140536218 1132159736 1139815224 1110502742 1138993010 1110708388 1129398251 1100727981 1128508993 1089882518 1077027287 1084840596 1056076076 1068377680 1021631084 1019821644 
v 1019402574 1018002346 1018732050 1017336756 1016587342 1008509344 1016478873 1020250600 1018677812 1024374451 1020038594 1020654888 1023085553 1026203618 1024682600 1018589070 1026943169 1028617026 1028311342 1010615474 
v 1016466630 1012836807 1020072015 1019132223 1016637502 1005336736 1018192430 1023616408 1019892600 1026089765 1013093114 1017372248 1026495585 1032705590 1028939042 1016458086 1023902616 1027307221 1036533094 1028059051 
v 1017141570 1052264879 1139919338 1103659534 1074848292 1110558555 1140588962 1147476487 1115386098 1118273926 1117402891 1150938450 1148105038 1120616748 1121671761 1137476172 1150934468 1138982558 1117207044 1121215784 
v 1135998256 1144353494 1108121890 1108618163 1102952503 1134407142 1034358806 1017842142 1034600168 1019892599 1015168006 1015979644 1015202181 1117165515 1124036974 1132014826 1154505250 1118384578 1113171824 1119672543 
v 1139235748 1141265644 1111631972 1112353037 1107502048 1138920308 1038705340 1019004122 1038353294 1018352396 1017130408 1014071990 1016734719 1013513367 1015384712 1009998700 1012884916 1017514462 1019283432 1019388174 
v 1009463350 1018375672 1023558016 1022355856 1029557394 1011837499 1019399812 1026234752 1027520748 1029871614 1016618338 1023924614 1031425285 1095468212 1058309336 1032339404 1067031633 1142454894 1109921715 1081120296 
v 1113642088 1134963904 1151060119 1117779648 1117546865 1119876500 1153306180 1024143251 1015557510 1032496026 1016346026 1024268696 1031868795 1037097215 1016561076 1015862164 1026248946 1099270578 1063709538 1034341862 
v 1074382072 1064184982 1148237878 1111681222 1085288069 1118771572 1149319156 1146327197 1116593188 1126195546 1114643497 1159668728 1123675102 1117670878 1125072248 1143996841 1145990244 1117101636 1117634293 1112084576 
v 1143927619 1042587110 1018980382 1042638628 1019213352 1015091570 1011003950 1017725925 1015826322 1013799592 1010538010 1016919492 1012365929 991502777 1019482164 1012903552 1017708007 1023462259 1024340378 1016811965 
v 992076242 0
k=10 n=7
c 
c Mallob -- a parallel and distributed platform for job scheduling, load balancing, and SAT solving
c Designed by P. Sanders and D. Schreiber 2018-2022
c Developed by D. Schreiber 2019-2022
c 
c 5.288 5                            loaded
c 10.308 5                            first iteration finished
c 48.564 5                            Got Result after iter 37
s SATISFIABLE
v 1113063424 1144571576 1152658092 1119586464 1123571346 1122066738 1155653836 1143433054 1121790480 1125956786 1141218801 1149645249 1112695876 1113425377 1108172964 1140162590 1039300507 1015670132 1039604882 1017904318 
v 1016699364 1010620259 1014034302 1012879553 1014184921 1017967078 1017628182 1017941974 1008812824 1015030000 1009139167 1015469306 1020176161 1020602914 1014862712 1010243710 1016611503 1025715553 1024793010 1031901355 
v 1013482030 1020326780 1027548094 1033711916 1031740344 1020992014 1024228180 1033228686 1111839129 1076187038 1049215936 1084026222 1144324138 1116066311 1088571551 1001923470 1015293634 1025873428 1024670556 1031833536 
v 1014031226 1021405529 1028045103 1033920694 1032048105 1020586276 1023805787 1026393586 1049129282 1022966029 1015241619 1057562220 1144594332 1108988508 1080067054 1116146442 1144366550 1152255555 1119837452 1123758578 
v 1122573138 1156225193 1143644224 1121934530 1126259744 1141225636 1149898357 1113160335 1113906281 1108502498 1140594089 1039710778 1016490006 1039206868 1019467929 1015436680 1010494132 1014265298 1012938888 1010286068 
v 1018570652 1016789099 1018583652 1007763290 1015449682 1009583852 1014213280 1020118130 1022523877 1112024972 1125851672 1134436842 1100988952 1105268444 1098803106 1127443881 1072993552 1092388485 1046786575 1019739165 
v 1020463985 1018841116 1016133244 1008546959 1014181472 1019638890 1016835284 1024168573 1018882144 1022301176 1019780209 1026605171 1026343055 1019192138 1025319632 1027033683 1053322653 1028809289 1029132946 1048389522 
v 1132786143 1096858806 1068140844 1103323334 1132906411 1140144342 1107865212 1134274406 1134593324 1143412080 1133172860 1135033684 1141530660 1139403964 1141462592 1118653414 1143555112 1141990862 1130437332 1119160418 
v 1129959979 1143195424 1120305286 1107913018 1078190144 1114705812 1093211321 1151946874 1118833338 1112936530 1120704841 1151195968 1143089617 1114273494 1124044974 1111944466 1156347618 1119816606 1115029118 1121289328 
v 1141029382 1142391440 1113323776 1114101036 1108584673 1140809159 1040197480 1022271005 1040268293 1015934100 1016711394 1008915634 1015683784 1012709866 1016263460 1011313376 1013052399 1018134231 1019504374 1020690072 
v 1010891796 1015341252 1018937874 1022020695 1031805580 1013368586 1021401493 1027708540 1022376403 1029796691 1014923166 1021612284 1028472658 1041081776 1021454202 1016447902 1055918429 1022324615 1020489336 1017563085 
v 1008012134 1013803475 1017369361 1018806996 1028434408 1014843469 1018174846 1028337546 1027149709 1028699502 1011315646 1018276806 1026752068 1088302280 1051777070 1028393636 1062313181 1141934598 1108680730 1079371718 
v 1112889870 1092435768 1149652876 1116868592 1111084318 1118022833 1148819386 1149872311 1117304834 1120594294 1119426474 1152922489 1141406432 1119135776 1124088896 1138450400 1146677382 1110099820 1110663164 1105514176 
v 1137153988 1036932580 1019673657 1036851003 1016523095 1013987005 1009092912 1012029368 1010173692 1013558772 1017797594 1150789320 1114462296 1115226732 1109359367 1141508145 1049030362 1046019642 1050639157 1040203299 
v 1057677506 1011765123 1015500662 1014706880 1009898240 1018145414 1015175373 1018329270 1008738509 1016165388 1011906555 1015726950 1020507302 1022119612 1013320861 1006091987 1013405718 1024737852 1025027788 1032543065 
v 1015104656 1022331758 1028924208 1032313242 1032012700 1019206143 1022077182 1028139266 1094722816 1056288402 1032005626 1068237042 1145486440 1112185833 1083545877 1117000155 1141225225 1153296411 1120700316 1121567184 
v 1123135408 1156726318 1144502724 1120664309 1126386078 1054474006 1048591782 1133483306 1098113762 1068653618 1104263767 1133639856 1141139716 1108739597 1135117246 1135282032 1144412649 1141889994 1118996347 1142010367 
v 1141060016 1144825068 1134961290 1141357262 1140536326 1132159484 1139815299 1110502954 1138993032 1110708612 1129398174 1100727992 1128508893 1089882669 1077027294 1084840655 1056076080 1068377687 1021631102 1019821654 
v 1019402562 1018002344 1018732036 1017336742 1016587325 1008509339 1016478860 1020250584 1018677798 1024374450 1020038579 1020654874 1023085540 1026203626 1024682600 1018589050 1026943189 1028617062 1028311376 1010615474 
v 1016466634 1012836808 1020072020 1019132228 1016637505 1005336737 1018192435 1023616416 1019892609 1026089796 1013093116 1017372254 1026495612 1032705614 1028939094 1016458086 1023902629 1027307258 1036533115 1028059095 
v 1017141576 1052264791 1139919412 1103659464 1074848287 1110558466 1140589154 1147476508 1115386074 1118273898 1117402844 1150938620 1148105169 1120616746 1121671769 1137476323 1150934528 1138982726 1117207054 1121215822 
v 1135998278 1144353610 1108121822 1108618105 1102952405 1134407164 1034358794 1017842151 1034600156 1019892607 1015168008 1015979649 1015202183 1117165526 1124036942 1132014941 1154505232 1118384588 1113171862 1119672538 
v 1139235768 1141265596 1111631980 1112353103 1107502042 1138920302 1038705352 1019004120 1038353306 1018352392 1017130406 1014071986 1016734715 1013513364 1015384710 1009998696 1012884914 1017514462 1019283429 1019388170 
v 1009463350 1018375668 1023558017 1022355854 1029557390 1011837496 1019399810 1026234752 1027520744 1029871614 1016618336 1023924610 1031425288 1095468236 1058309338 1032339402 1067031628 1142454874 1109921733 1081120289 
v 1113642102 1134963991 1151060094 1117779648 1117546873 1119876560 1153306172 1024143247 1015557515 1032496010 1016346029 1024268692 1031868782 1037097162 1016561077 1015862168 1026248939 1099270578 1063709560 1034341853 
v 1074382072 1064185040 1148237916 1111681220 1085288071 1118771587 1149319158 1146327221 1116593202 1126195534 1114643476 1159668726 1123675126 1117670884 1125072226 1143996840 1145990370 1117101646 1117634305 1112084584 
v 1143927623 1042587085 1018980384 1042638608 1019213352 1015091574 1011003954 1017725930 1015826327 1013799600 1010538014 1016919496 1012365936 991502776 1019482164 1012903558 1017708009 1023462259 1024340376 1016811970 
v 992076241 0
k=10 n=6
c 
c Mallob -- a parallel and distributed platform for job scheduling, load balancing, and SAT solving
c Designed by P. Sanders and D. Schreiber 2018-2022
c Developed by D. Schreiber 2019-2022
c 
c 5.197 2                            loaded
c 9.989 2                            first iteration finished
c 53.134 2                            Got Result after iter 37
s SATISFIABLE
v 1113063424 1144571668 1152658088 1119586487 1123571354 1122066793 1155653836 1143433028 1121790501 1125956736 1141218818 1149645171 1112695919 1113425412 1108172955 1140162624 1039300551 1015670135 1039604936 1017904316 
v 1016699366 1010620260 1014034307 1012879555 1014184925 1017967075 1017628182 1017941972 1008812826 1015030001 1009139169 1015469308 1020176156 1020602912 1014862714 1010243712 1016611504 1025715552 1024793002 1031901358 
v 1013482034 1020326776 1027548091 1033711937 1031740340 1020992008 1024228179 1033228689 1111839145 1076187044 1049215936 1084026294 1144324122 1116066310 1088571576 1001923472 1015293634 1025873430 1024670554 1031833528 
v 1014031225 1021405536 1028045092 1033920678 1032048095 1020586284 1023805792 1026393585 1049129264 1022966016 1015241618 1057562198 1144594297 1108988506 1080067053 1116146380 1144366418 1152255544 1119837492 1123758642 
v 1122573159 1156225168 1143644091 1121934568 1126259806 1141225602 1149898266 1113160269 1113906207 1108502448 1140594097 1039710732 1016490006 1039206824 1019467933 1015436678 1010494136 1014265299 1012938888 1010286069 
v 1018570655 1016789098 1018583661 1007763292 1015449682 1009583853 1014213282 1020118134 1022523887 1112024694 1125851626 1134436811 1100989009 1105268626 1098803111 1127443849 1072993524 1092388483 1046786672 1019739122 
v 1020463947 1018841077 1016133240 1008546962 1014181488 1019638845 1016835272 1024168539 1018882107 1022301093 1019780161 1026605173 1026343037 1019192094 1025319612 1027033684 1053322630 1028809296 1029132970 1048389742 
v 1132786103 1096858808 1068140862 1103323512 1132906290 1140144362 1107865249 1134274258 1134593171 1143412045 1133172670 1135033545 1141530685 1139403866 1141462629 1118653186 1143555170 1141990960 1130437114 1119160278 
v 1129959609 1143195548 1120305196 1107913019 1078190156 1114705807 1093211299 1151946866 1118833330 1112936551 1120704942 1151195970 1143089521 1114273522 1124044902 1111944491 1156347610 1119816561 1115029160 1121289294 
v 1141029376 1142391372 1113323802 1114101194 1108584674 1140809168 1040197428 1022270998 1040268244 1015934102 1016711393 1008915636 1015683788 1012709868 1016263462 1011313381 1013052404 1018134230 1019504370 1020690067 
v 1010891799 1015341254 1018937872 1022020684 1031805565 1013368588 1021401486 1027708528 1022376396 1029796668 1014923170 1021612278 1028472640 1041081790 1021454186 1016447906 1055918458 1022324628 1020489344 1017563090 
v 1008012129 1013803468 1017369366 1018807004 1028434444 1014843464 1018174850 1028337578 1027149740 1028699541 1011315640 1018276809 1026752092 1088302260 1051777044 1028393644 1062313114 1141934636 1108680742 1079371696 
v 1112889857 1092435772 1149652894 1116868592 1111084310 1118022921 1148819662 1149872400 1117304842 1120594415 1119426589 1152922482 1141406532 1119135761 1124088977 1138450423 1146677531 1110099826 1110663167 1105514212 
v 1137154014 1036932585 1019673666 1036851023 1016523094 1013986998 1009092906 1012029362 1010173684 1013558764 1017797597 1150789304 1114462298 1115226726 1109359390 1141508141 1049030348 1046019641 1050639108 1040203300 
v 1057677507 1011765121 1015500663 1014706880 1009898240 1018145420 1015175371 1018329279 1008738507 1016165388 1011906554 1015726951 1020507318 1022119627 1013320860 1006091986 1013405716 1024737862 1025027801 1032543066 
v 1015104657 1022331774 1028924219 1032313247 1032012709 1019206152 1022077200 1028139276 1094722782 1056288388 1032005625 1068237128 1145486457 1112185832 1083545896 1117000191 1141225194 1153296411 1120700314 1121567169 
v 1123135508 1156726314 1144502822 1120664324 1126386088 1054473922 1048591636 1133483301 1098113780 1068653502 1104263886 1133639979 1141139674 1108739506 1135117396 1135283055 1144412811 1141889986 1118996091 1142010364 
v 1141060652 1144825086 1134961626 1141357282 1140538454 1132159622 1139815494 1110502563 1138993098 1110708197 1129398136 1100728024 1128508864 1089882756 1077027182 1084840620 1056075903 1068377559 1021630970 1019821556 
v 1019402479 1018002267 1018731948 1017336670 1016587258 1008509254 1016478794 1020250492 1018677715 1024374370 1020038486 1020654778 1023085428 1026203499 1024682515 1018588972 1026943038 1028619328 1028311195 1010615480 
v 1016466644 1012836819 1020072046 1019132246 1016637517 1005336730 1018192450 1023616435 1019892634 1026089808 1013093127 1017372268 1026495632 1032705606 1028939097 1016458100 1023902641 1027307270 1036533138 1028059112 
v 1017141591 1052264799 1139919343 1103659468 1074848278 1110558484 1140589002 1147476520 1115385994 1118273920 1117402936 1150938631 1148105241 1120616780 1121671880 1137476246 1150934594 1138982572 1117207080 1121215894 
v 1135998268 1144353624 1108121845 1108618132 1102952399 1134407146 1034358792 1017842168 1034600146 1019892632 1015168016 1015979660 1015202191 1117165490 1124036846 1132014957 1154505266 1118384491 1113171780 1119672442 
v 1139235750 1141265562 1111631940 1112352981 1107502021 1138920299 1038705354 1019004106 1038353306 1018352382 1017130398 1014071974 1016734705 1013513350 1015384703 1009998690 1012884899 1017514450 1019283420 1019388161 
v 1009463344 1018375658 1023558013 1022355840 1029557408 1011837484 1019399800 1026234756 1027520758 1029871633 1016618326 1023924607 1031425304 1095468238 1058309336 1032339404 1067031610 1142454872 1109921678 1081120277 
v 1113642026 1134964000 1151060109 1117779617 1117546852 1119876372 1153306176 1024143554 1015557809 1032496328 1016346349 1024269003 1031869078 1037097678 1016561406 1015862472 1026240355 1099219259 1063627724 1034270542 
v 1074378170 1064181602 1148236518 1111679543 1085271928 1118771374 1149317694 1146327674 1116593512 1126195884 1114644032 1159669071 1123675537 1117671222 1125072487 1143997224 1145990716 1117101959 1117634598 1112085022 
v 1143928006 1042587464 1018980793 1042638988 1019213771 1015091854 1011004380 1017726297 1015826630 1013800114 1010538422 1016919834 1012366404 991503111 1019482590 1012904044 1017708376 1023462539 1024340692 1016794384 
v 992076595 0
k=10 n=5
c 
c Mallob -- a parallel and distributed platform for job scheduling, load balancing, and SAT solving
c Designed by P. Sanders and D. Schreiber 2018-2022
c Developed by D. Schreiber 2019-2022
c 
c 5.015 2                            loaded
c 9.888 2                            first iteration finished
c 62.739 2                            Got Result after iter 37
s SATISFIABLE
v 1113063424 1144571795 1152658132 1119586422 1123571268 1122066768 1155653858 1143433130 1121790407 1125956771 1141218836 1149645254 1112695892 1113425392 1108172872 1140162620 1039300564 1015670129 1039604930 1017904327 
v 1016699368 1010620252 1014034290 1012879542 1014184912 1017967085 1017628190 1017941982 1008812820 1015029995 1009139163 1015469304 1020176180 1020602938 1014862698 1010243704 1016611505 1025715556 1024793020 1031901346 
v 1013482019 1020326801 1027548094 1033711917 1031740332 1020992037 1024228198 1033228692 1111839140 1076187044 1049215937 1084026291 1144324144 1116066306 1088571563 1001923476 1015293640 1025873419 1024670548 1031833524 
v 1014031236 1021405524 1028045092 1033920679 1032048093 1020586272 1023805780 1026393576 1049129295 1022966014 1015241622 1057562140 1144594317 1108988524 1080067025 1116146508 1144366487 1152255580 1119837418 1123758566 
v 1122573405 1156225254 1143644153 1121934514 1126259822 1141225640 1149898333 1113160463 1113906410 1108502555 1140594078 1039710750 1016490010 1039206842 1019467926 1015436684 1010494140 1014265308 1012938898 1010286076 
v 1018570648 1016789103 1018583651 1007763294 1015449687 1009583858 1014213291 1020118129 1022523869 1112025900 1125851666 1134438570 1100988711 1105268022 1098802804 1127443612 1072993077 1092388232 1046786284 1019738881 
v 1020463694 1018840832 1016133027 1008546708 1014181106 1019638588 1016835050 1024168358 1018881856 1022300806 1019779907 1026604912 1026342806 1019191844 1025319398 1027033416 1053322285 1028809008 1029134916 1048389148 
v 1132785940 1096858504 1068140562 1103323077 1132906247 1140143873 1107864956 1134274128 1134593006 1143411756 1133172673 1135033382 1141530339 1139403499 1141462284 1118652984 1143554767 1141991842 1130437203 1119160148 
v 1129960110 1143195137 1120312468 1107912986 1078190138 1114705790 1093211438 1151946883 1118833332 1112936556 1120704691 1151195921 1143089530 1114273499 1124044894 1111944336 1156347618 1119816532 1115029135 1121289266 
v 1141029357 1142391364 1113323774 1114100968 1108584662 1140809146 1040197474 1022270979 1040268284 1015934101 1016711391 1008915634 1015683786 1012709872 1016263459 1011313380 1013052405 1018134225 1019504363 1020690055 
v 1010891798 1015341256 1018937867 1022020673 1031805585 1013368592 1021401478 1027708546 1022376383 1029796703 1014923173 1021612265 1028472666 1041081808 1021454192 1016447900 1055918445 1022324598 1020489322 1017563069 
v 1008012125 1013803448 1017369346 1018806982 1028434478 1014843442 1018174830 1028337614 1027149764 1028699577 1011315627 1018276790 1026752108 1088302220 1051777060 1028393662 1062313195 1141934616 1108680736 1079371739 
v 1112889835 1092435744 1149652907 1116868571 1111084293 1118022781 1148819605 1149872470 1117304820 1120594200 1119426406 1152922477 1141406474 1119135722 1124088844 1138450400 1146677627 1110099820 1110663168 1105514202 
v 1137153984 1036932672 1019673641 1036851117 1016523079 1013986977 1009092898 1012029347 1010173676 1013558746 1017797578 1150789254 1114462356 1115226763 1109359400 1141508132 1049030340 1046019641 1050639104 1040203309 
v 1057677502 1011765120 1015500660 1014706880 1009898238 1018145413 1015175370 1018329268 1008738506 1016165388 1011906554 1015726948 1020507301 1022119614 1013320858 1006091984 1013405717 1024737844 1025027774 1032543045 
v 1015104654 1022331758 1028924167 1032313222 1032012676 1019206144 1022077181 1028139236 1094722800 1056288394 1032005621 1068237064 1145486428 1112185840 1083545898 1117000184 1141225288 1153296400 1120700314 1121567184 
v 1123135455 1156726281 1144502680 1120664304 1126386149 1054473950 1048591711 1133483288 1098113593 1068653526 1104263414 1133639959 1141139712 1108739308 1135117444 1135283062 1144413136 1141890194 1118996094 1142010624 
v 1141060739 1144825356 1134961667 1141357510 1140538762 1132159134 1139815746 1110502613 1138993253 1110708286 1129398076 1100727765 1128508825 1089882208 1077027183 1084840476 1056075978 1068377570 1021630925 1019821537 
v 1019402472 1018002261 1018731946 1017336674 1016587275 1008509260 1016478806 1020250488 1018677718 1024374356 1020038481 1020654768 1023085414 1026203471 1024682493 1018588972 1026943005 1028619277 1028311136 1010615470 
v 1016466635 1012836802 1020072024 1019132238 1016637504 1005336725 1018192441 1023616424 1019892610 1026089791 1013093110 1017372252 1026495613 1032705616 1028939074 1016458091 1023902629 1027307250 1036533066 1028059091 
v 1017141578 1052264852 1139919435 1103659572 1074848276 1110558734 1140589129 1147476470 1115386115 1118273914 1117402976 1150938554 1148104957 1120616733 1121671559 1137476232 1150934509 1138982759 1117207028 1121215578 
v 1135998274 1144353519 1108121957 1108618248 1102952550 1134407160 1034358807 1017842150 1034600176 1019892612 1015168008 1015979646 1015202182 1117164186 1124036720 1132005255 1154506212 1118385140 1113172700 1119673169 
v 1139236745 1141266280 1111632782 1112353806 1107502610 1138921284 1038706318 1019004928 1038354252 1018353162 1017131095 1014073019 1016735378 1013514361 1015385283 1009999460 1012885868 1017515172 1019284261 1019389008 
v 1009464080 1018376439 1023552758 1022356886 1029558286 1011838384 1019400648 1026235459 1027515706 1029872530 1016618988 1023919374 1031426296 1095469146 1058309970 1032339980 1067032325 1142455559 1109922406 1081121341 
v 1113643002 1134957848 1151060760 1117780188 1117545940 1119876774 1153305786 1024143557 1015557816 1032496294 1016346358 1024269006 1031869046 1037097618 1016561414 1015862479 1026240346 1099219264 1063627706 1034270528 
v 1074378172 1064181579 1148236545 1111679550 1085271956 1118771477 1149317684 1146327666 1116593562 1126195870 1114644041 1159669070 1123675712 1117671290 1125072610 1143997204 1145990773 1117101965 1117634663 1112085025 
v 1143928007 1042587426 1018980804 1042638962 1019213782 1015091860 1011004384 1017726306 1015826637 1013800124 1010538426 1016919846 1012366412 991503112 1019482602 1012904052 1017708388 1023462548 1024340689 1016794392 
v 992076596 0
k=10 n=4
c 
c Mallob -- a parallel and distributed platform for job scheduling, load balancing, and SAT solving
c Designed by P. Sanders and D. Schreiber 2018-2022
c Developed by D. Schreiber 2019-2022
c 
c 4.965 0                            loaded
c 10.131 0                            first iteration finished
c 65.635 0                            Got Result after iter 37
s SATISFIABLE
v 1113063424 1144571914 1152657654 1119586762 1123571683 1122067158 1155654203 1143433382 1121790814 1125956940 1141219010 1149645560 1112696277 1113425781 1108173142 1140162971 1039300828 1015670352 1039605192 1017904584 
v 1016699604 1010620558 1014034688 1012879909 1014185314 1017967347 1017628444 1017942236 1008813074 1015013741 1009139427 1015469524 1020176470 1020603238 1014863120 1010243998 1016611742 1025715808 1024793237 1031901564 
v 1013482404 1020327100 1027548396 1033712148 1031740761 1020992340 1024228392 1033222634 1111823044 1076154246 1049214582 1084006880 1144324428 1116063639 1088561386 1001923473 1015293640 1025873428 1024670565 1031833522 
v 1014031236 1021405559 1028045090 1033920698 1032048092 1020586302 1023805802 1026393590 1049129277 1022966026 1015241621 1057562190 1144594335 1108988510 1080067030 1116146390 1144366374 1152255559 1119837429 1123758592 
v 1122573080 1156225190 1143644200 1121934526 1126259738 1141225633 1149898442 1113160164 1113906100 1108502476 1140594055 1039710820 1016490015 1039206908 1019467950 1015436684 1010494142 1014265308 1012938892 1010286077 
v 1018570669 1016789109 1018583672 1007763293 1015449689 1009583858 1014213289 1020118154 1022523905 1112025156 1125853607 1134436569 1100989026 1105268593 1098803210 1127443681 1072993484 1092388410 1046786581 1019739080 
v 1020463908 1018841018 1016133164 1008546876 1014181334 1019638790 1016835196 1024168504 1018882052 1022301064 1019780108 1026605096 1026342980 1019192037 1025319558 1027033592 1053322682 1028811436 1029132836 1048389463 
v 1132786004 1096858851 1068140723 1103323713 1132905968 1140144134 1107865417 1134273928 1134592804 1143411924 1133172316 1135033198 1141530498 1139403598 1141462472 1118652986 1143555390 1141990788 1130436872 1119160302 
v 1129959076 1143195591 1120305074 1107913008 1078190130 1114705775 1093211456 1151946914 1118833369 1112936571 1120705052 1151195983 1143089570 1114273533 1124045100 1111944437 1156347603 1119816714 1115029174 1121289454 
v 1141029364 1142391367 1113323799 1114101174 1108584677 1140809132 1040197510 1022271028 1040268322 1015934103 1016711398 1008915630 1015683788 1012709862 1016263467 1011313374 1013052397 1018134243 1019504388 1020690092 
v 1010891793 1015341250 1018937882 1022020712 1031805602 1013368582 1021401512 1027708574 1022376420 1029796728 1014923164 1021612303 1028472692 1041081832 1021454192 1016447909 1055918459 1022324604 1020489326 1017563074 
v 1008012130 1013803452 1017369352 1018806987 1028434465 1014843448 1018174832 1028337601 1027149755 1028699566 1011315632 1018276795 1026752103 1088302116 1051777106 1028393654 1062313328 1141934562 1108680740 1079371677 
v 1112889867 1092435658 1149652878 1116868594 1111084320 1118022984 1148819072 1149872284 1117304876 1120594518 1119426696 1152922464 1141406340 1119135820 1124089027 1138450368 1146677277 1110099838 1110663176 1105514236 
v 1137153968 1036932664 1019673642 1036851103 1016523081 1013986984 1009092902 1012029352 1010173680 1013558750 1017797581 1150789335 1114462512 1115226880 1109359419 1141508131 1049030393 1046019657 1050639146 1040203294 
v 1057677513 1011765134 1015500669 1014706892 1009898248 1018145419 1015175380 1018329279 1008738516 1016165392 1011906566 1015726959 1020507310 1022119616 1013320874 1006091996 1013405731 1024737845 1025027778 1032543031 
v 1015104664 1022331764 1028924169 1032313210 1032012674 1019206150 1022077188 1028139236 1094722763 1056288395 1032005623 1068237068 1145486442 1112185850 1083545894 1117000238 1141225198 1153296423 1120700331 1121567198 
v 1123135766 1156726322 1144502773 1120664343 1126386187 1054474082 1048591782 1133483272 1098113946 1068653642 1104263789 1133639834 1141139701 1108739603 1135117164 1135281928 1144412629 1141889930 1118996549 1142010335 
v 1141059914 1144825170 1134961144 1141357200 1140536086 1132159366 1139815079 1110502992 1138992912 1110708660 1129398140 1100727982 1128508874 1089882553 1077027285 1084840608 1056076040 1068377693 1021631083 1019821660 
v 1019402552 1018002372 1018732008 1017336748 1016587332 1008509343 1016478872 1020250550 1018677784 1024374410 1020038544 1020654841 1023085480 1026203583 1024682566 1018589035 1026943134 1028616991 1028311317 1010615478 
v 1016466640 1012836812 1020072050 1019132257 1016637514 1005336742 1018192456 1023616432 1019892630 1026089777 1013093120 1017372264 1026495588 1032705556 1028939036 1016458098 1023902643 1027307222 1036533087 1028059042 
v 1017141586 1052264682 1139919336 1103659422 1074848300 1110558493 1140588890 1147476479 1115386097 1118273886 1117402864 1150938543 1148105041 1120616700 1121671544 1137476108 1150934562 1138982540 1117207031 1121215598 
v 1135998252 1144353502 1108121818 1108618123 1102952346 1134407132 1034358716 1017842160 1034600081 1019892634 1015168012 1015979654 1015202186 1117165517 1124036751 1132014780 1154505318 1118384490 1113171912 1119672426 
v 1139235754 1141265644 1111631988 1112353188 1107502050 1138920322 1038705405 1019004120 1038353350 1018352395 1017130407 1014071995 1016734719 1013513372 1015384714 1009998704 1012884920 1017514456 1019283430 1019388171 
v 1009463353 1018375670 1023558019 1022355850 1029557442 1011837500 1019399804 1026234772 1027520777 1029871670 1016618336 1023924615 1031425337 1095468234 1058309334 1032339406 1067031642 1142454882 1109921766 1081120253 
v 1113642222 1134964058 1151060121 1117779651 1117546886 1119876553 1153306186 1024143248 1015557514 1032496002 1016346028 1024268694 1031868774 1037097143 1016561079 1015862168 1026248937 1099270590 1063709582 1034341848 
v 1074382070 1064185068 1148237858 1111681228 1085288054 1118771602 1149319166 1146327193 1116593220 1126195564 1114643552 1159668730 1123675106 1117670912 1125072287 1143996830 1145990164 1117101636 1117634302 1112084573 
v 1143927613 1042587074 1018980384 1042638591 1019213356 1015091573 1011003954 1017725930 1015826326 1013799596 1010538012 1016919496 1012365932 991502777 1019482166 1012903556 1017708010 1023462259 1024340381 1016811969 
v 992076242 0
k=10 n=3
c 
c Mallob -- a parallel and distributed platform for job scheduling, load balancing, and SAT solving
c Designed by P. Sanders and D. Schreiber 2018-2022
c Developed by D. Schreiber 2019-2022
c 
c 4.951 2                            loaded
c 9.698 2                            first iteration finished
c 81.968 2                            Got Result after iter 37
s SATISFIABLE
v 1113063424 1144571442 1152658116 1119586380 1123571254 1122066378 1155653832 1143432927 1121790368 1125956805 1141218820 1149645181 1112695627 1113425108 1108172950 1140162597 1039300720 1015670140 1039605108 1017904316 
v 1016699367 1010620270 1014034324 1012879570 1014184941 1017967074 1017628183 1017941969 1008812833 1015030010 1009139174 1015469316 1020176146 1020602902 1014862732 1010243721 1016611508 1025715518 1024792984 1031901323 
v 1013482048 1020326767 1027548048 1033711950 1031740268 1020991996 1024228162 1033228684 1111838982 1076187028 1049215949 1084026133 1144324092 1116066287 1088571656 1001923469 1015293637 1025873395 1024670532 1031833508 
v 1014031231 1021405506 1028045062 1033920714 1032048082 1020586252 1023805767 1026393556 1049129246 1022965996 1015241622 1057562161 1144594268 1108988504 1080067025 1116146350 1144366184 1152255566 1119837437 1123758548 
v 1122573368 1156225182 1143643966 1121934572 1126259974 1141225612 1149898282 1113160296 1113906234 1108502428 1140594026 1039710928 1016489998 1039207011 1019467906 1015436679 1010494132 1014265298 1012938894 1010286071 
v 1018570636 1016789095 1018583643 1007763290 1015449684 1009583853 1014213287 1020118112 1022523836 1112026184 1125851590 1134438756 1100988700 1105267895 1098802916 1127443592 1072993444 1092388214 1046786024 1019738854 
v 1020463654 1018840824 1016133038 1008546712 1014181150 1019638572 1016835064 1024168319 1018881846 1022300768 1019779884 1026604808 1026342691 1019191836 1025319324 1027033298 1053322386 1028808935 1029134756 1048388926 
v 1132785963 1096858588 1068140628 1103323003 1132906145 1140144004 1107864973 1134274183 1134593135 1143411825 1133172620 1135033520 1141530472 1139403808 1141462436 1118652775 1143554781 1141991924 1130437089 1119159688 
v 1129959792 1143194988 1120312138 1107913068 1078190112 1114705784 1093211152 1151946904 1118833358 1112936564 1120704899 1151195968 1143089366 1114273500 1124045176 1111944626 1156347623 1119816742 1115029112 1121289485 
v 1141029350 1142391204 1113323754 1114100934 1108584687 1140809134 1040197417 1022271013 1040268232 1015934109 1016711406 1008915640 1015683794 1012709876 1016263474 1011313386 1013052412 1018134240 1019504379 1020690080 
v 1010891805 1015341258 1018937877 1022020700 1031805584 1013368598 1021401504 1027708544 1022376404 1029796696 1014923182 1021612290 1028472663 1041081836 1021454174 1016447914 1055918753 1022324603 1020489316 1017563078 
v 1008012131 1013803460 1017369349 1018806987 1028434404 1014843448 1018174841 1028337538 1027149707 1028699500 1011315634 1018276792 1026752069 1088302343 1051777180 1028393638 1062313371 1141934648 1108680758 1079371679 
v 1112889857 1092435932 1149652892 1116868572 1111084301 1118022794 1148819867 1149872343 1117304821 1120594165 1119426361 1152922474 1141406560 1119135742 1124088794 1138450413 1146677552 1110099868 1110663193 1105514292 
v 1137154034 1036932610 1019673648 1036851048 1016523089 1013986984 1009092906 1012029354 1010173683 1013558752 1017797583 1150789306 1114462546 1115226906 1109359478 1141508158 1049030492 1046019672 1050639192 1040203304 
v 1057677487 1011765125 1015500662 1014706881 1009898240 1018145422 1015175373 1018329275 1008738510 1016165391 1011906556 1015726957 1020507304 1022119624 1013320860 1006091986 1013405721 1024737857 1025027793 1032543066 
v 1015104657 1022331770 1028924205 1032313232 1032012695 1019206153 1022077189 1028139269 1094722886 1056288382 1032005626 1068236828 1145486432 1112185850 1083545916 1117000231 1141225322 1153296427 1120700268 1121567186 
v 1123135532 1156726348 1144502692 1120664263 1126385968 1054473768 1048591793 1133483326 1098113805 1068653514 1104263406 1133640206 1141139670 1108739200 1135117561 1135283222 1144412638 1141889900 1118996100 1142010296 
v 1141060682 1144824860 1134961819 1141357273 1140538461 1132159742 1139815502 1110502228 1138993154 1110707888 1129398210 1100727752 1128508944 1089882922 1077027197 1084840688 1056075912 1068377566 1021630944 1019821520 
v 1019402448 1018002240 1018731919 1017336626 1016587221 1008509227 1016478751 1020250454 1018677676 1024374385 1020038454 1020654746 1023085389 1026203569 1024682534 1018588933 1026943142 1028619494 1028311342 1010615480 
v 1016466634 1012836818 1020072019 1019132229 1016637508 1005336732 1018192436 1023616405 1019892598 1026089765 1013093126 1017372251 1026495584 1032705566 1028939040 1016458094 1023902614 1027307220 1036533226 1028059054 
v 1017141574 1052264957 1139919510 1103659446 1074848291 1110558723 1140589316 1147476546 1115386225 1118273997 1117403184 1150938691 1148105354 1120616832 1121671782 1137476491 1150934486 1138982944 1117207219 1121215723 
v 1135998313 1144353757 1108121926 1108618232 1102952398 1134407180 1034358735 1017842143 1034600126 1019892600 1015168015 1015979651 1015202190 1117164193 1124037196 1132005804 1154506261 1118385461 1113172682 1119673554 
v 1139236697 1141266108 1111632793 1112353840 1107502592 1138921251 1038706369 1019004894 1038354302 1018353130 1017131072 1014073006 1016735358 1013514348 1015385271 1009999454 1012885856 1017515146 1019284220 1019388968 
v 1009464076 1018376406 1023552729 1022356826 1029558392 1011838374 1019400610 1026235489 1027515776 1029872640 1016618969 1023919354 1031426408 1095469006 1058309978 1032339994 1067032200 1142455527 1109922408 1081121372 
v 1113642886 1134957817 1151060762 1117780208 1117545918 1119877128 1153305787 1024143556 1015557814 1032496310 1016346357 1024269006 1031869052 1037097653 1016561408 1015862478 1026240348 1099219272 1063627748 1034270544 
v 1074378170 1064181477 1148236591 1111679532 1085271931 1118771214 1149317696 1146327694 1116593515 1126195912 1114643788 1159669086 1123675518 1117671248 1125072566 1143997238 1145990927 1117101972 1117634534 1112084996 
v 1143928009 1042587500 1018980803 1042639018 1019213780 1015091858 1011004382 1017726305 1015826637 1013800120 1010538424 1016919841 1012366409 991503110 1019482600 1012904052 1017708383 1023462546 1024340688 1016794390 
v 992076594 0
k=10 n=2
c 
c Mallob -- a parallel and distributed platform for job scheduling, load balancing, and SAT solving
c Designed by P. Sanders and D. Schreiber 2018-2022
c Developed by D. Schreiber 2019-2022
c 
c 4.865 0                            loaded
c 9.641 0                            first iteration finished
c 109.503 0                            Got Result after iter 37
s SATISFIABLE
v 1113063424 1144572490 1152657608 1119586838 1123571899 1122067061 1155654174 1143433590 1121790866 1125956954 1141219047 1149645580 1112695986 1113425436 1108173328 1140163050 1039300398 1015670376 1039604762 1017904628 
v 1016699638 1010620578 1014034716 1012879934 1014185346 1017967390 1017628486 1017942284 1008813088 1015013773 1009139440 1015469543 1020176540 1020603312 1014863152 1010244016 1016611774 1025715854 1024793288 1031901585 
v 1013482432 1020327166 1027548448 1033712070 1031740815 1020992419 1024228444 1033222620 1111822971 1076154212 1049214571 1084006582 1144324479 1116063653 1088561195 1001923470 1015293670 1025873438 1024670558 1031833524 
v 1014031286 1021405549 1028045102 1033920666 1032048085 1020586293 1023805790 1026393588 1049129164 1022966032 1015241648 1057562150 1144594384 1108988500 1080067062 1116146290 1144366874 1152255536 1119837426 1123758530 
v 1122573106 1156225168 1143644390 1121934468 1126259562 1141225664 1149898396 1113160546 1113906510 1108502392 1140594148 1039710702 1016490031 1039206794 1019467953 1015436716 1010494164 1014265358 1012938938 1010286096 
v 1018570677 1016789131 1018583674 1007763297 1015449720 1009583874 1014213342 1020118157 1022523884 1112024038 1125853618 1134436515 1100989174 1105268799 1098803462 1127443758 1072993597 1092388608 1046786543 1019739163 
v 1020464004 1018841116 1016133208 1008546951 1014181408 1019638892 1016835267 1024168652 1018877580 1022301196 1019780215 1026605442 1026343286 1019192142 1025319798 1027033976 1053322352 1028811803 1029133354 1048389538 
v 1132786090 1096859116 1068140816 1103324116 1132906015 1140144459 1107865472 1134274177 1134593158 1143412097 1133172458 1135033490 1141530809 1139403932 1141462766 1118652384 1143555604 1141990741 1130436826 1119159916 
v 1129958816 1143195582 1120302538 1107913110 1078190075 1114705916 1093211455 1151946846 1118833362 1112936543 1120704916 1151195937 1143089769 1114273548 1124044607 1111944991 1156347610 1119816375 1115029188 1121289012 
v 1141029407 1142391614 1113323802 1114101286 1108584715 1140809190 1040197357 1022271052 1040268164 1015934125 1016711422 1008915642 1015683811 1012709892 1016263490 1011313404 1013052430 1018134266 1019504412 1020690116 
v 1010891817 1015341274 1018937906 1022020737 1031805607 1013368622 1021401537 1027708586 1022376446 1029796742 1014923209 1021612328 1028472706 1041081770 1021454212 1016447929 1055918446 1022324603 1020489320 1017563076 
v 1008012125 1013803446 1017369349 1018806986 1028434406 1014843440 1018174838 1028337531 1027149708 1028699498 1011315630 1018276792 1026752062 1088302460 1051777064 1028393637 1062312982 1141934591 1108680771 1079371732 
v 1112889809 1092436004 1149652916 1116868612 1111084304 1118022940 1148819280 1149872452 1117305002 1120594730 1119426659 1152922490 1141406337 1119136066 1124088958 1138450336 1146677712 1110099850 1110663204 1105514312 
v 1137153901 1036932607 1019673650 1036851058 1016523088 1013986982 1009092896 1012029345 1010173674 1013558744 1017797582 1150789270 1114462633 1115226946 1109359648 1141508169 1049030426 1046019681 1050639043 1040203296 
v 1057677487 1011765137 1015500677 1014706906 1009898250 1018145404 1015175386 1018329271 1008738515 1016165392 1011906570 1015726952 1020507293 1022119589 1013320881 1006091982 1013405738 1024737828 1025027758 1032543030 
v 1015104670 1022331730 1028924150 1032313200 1032012664 1019206131 1022077164 1028139208 1094722674 1056288344 1032005614 1068236946 1145486482 1112185861 1083545910 1117000434 1141225103 1153296384 1120700307 1121567196 
v 1123135943 1156726302 1144502934 1120664309 1126385954 1054473879 1048591894 1133483220 1098113438 1068653477 1104263834 1133639594 1141139702 1108739684 1135116928 1135282634 1144412800 1141889896 1118996279 1142010302 
v 1141060464 1144824970 1134961206 1141357354 1140538808 1132158928 1139815818 1110503254 1138993349 1110708917 1129397944 1100727962 1128508661 1089882419 1077027139 1084840516 1056076048 1068377537 1021630876 1019821484 
v 1019402440 1018002236 1018731953 1017336670 1016587282 1008509276 1016478806 1020250444 1018677710 1024374272 1020038464 1020654743 1023085336 1026203298 1024682398 1018588962 1026942801 1028618998 1028310871 1010615444 
v 1016466622 1012836754 1020072084 1019132271 1016637496 1005336758 1018192458 1023616468 1019892664 1026089817 1013093058 1017372259 1026495630 1032705528 1028939086 1016458078 1023902685 1027307276 1036533173 1028059096 
v 1017141577 1052264844 1139919342 1103659604 1074848300 1110558466 1140588758 1147476632 1115385958 1118273838 1117402646 1150938842 1148105624 1120616664 1121671403 1137475950 1150934590 1138982504 1117206802 1121215376 
v 1135998248 1144353842 1108121947 1108618187 1102952568 1134407130 1034358595 1017842164 1034599928 1019892664 1015167976 1015979627 1015202146 1117165902 1124037134 1132017328 1154504886 1118384360 1113171408 1119672426 
v 1139235360 1141265239 1111631680 1112352553 1107501886 1138919932 1038705286 1019003849 1038353240 1018352142 1017130182 1014071648 1016746138 1013513036 1015384521 1009998446 1012884598 1017514223 1019283155 1019387898 
v 1009463105 1018375416 1023557844 1022355516 1029557212 1011837196 1019399540 1026234574 1027520560 1029871432 1016618118 1023924432 1031425089 1095467894 1058309099 1032339239 1067030962 1142454654 1109921454 1081119879 
v 1113641824 1134965744 1151059894 1117779429 1117547112 1119876242 1153306246 1024143515 1015557802 1032496282 1016346336 1024268962 1031869021 1037097682 1016561386 1015862462 1026240304 1099219260 1063627737 1034270524 
v 1074378169 1064181962 1148236487 1111679544 1085271922 1118771512 1149317685 1146327642 1116593513 1126195962 1114643983 1159669082 1123675944 1117671244 1125072644 1143997220 1145990552 1117101976 1117634749 1112085000 
v 1143928010 1042587578 1018980758 1042639088 1019213733 1015091849 1011004372 1017726274 1015826620 1013800106 1010538416 1016919816 1012366396 991503112 1019482548 1012904037 1017708352 1023462504 1024340648 1016794366 
v 992076597 0
k=10 n=1
c 
c Mallob -- a parallel and distributed platform for job scheduling, load balancing, and SAT solving
c Designed by P. Sanders and D. Schreiber 2018-2022
c Developed by D. Schreiber 2019-2022
c 
c 5.009 0                            loaded
c 10.166 0                            first iteration finished
c 185.086 0                            Got Result after iter 37
s SATISFIABLE
v 1113063424 1144572153 1152657994 1119586564 1123571599 1122066097 1155653822 1143432907 1121790679 1125957230 1141218822 1149644795 1112695487 1113424944 1108172680 1140162657 1039300940 1015670129 1039605326 1017904385 
v 1016699393 1010620257 1014034265 1012879527 1014184883 1017967145 1017628241 1017942041 1008812841 1015029977 1009139180 1015469297 1020176297 1020603065 1014862664 1010243712 1016611529 1025715736 1024793164 1031901536 
v 1013481999 1020326921 1027548328 1033712162 1031740696 1020992177 1024228324 1033228882 1111838875 1076186997 1049215922 1084025742 1144324075 1116066284 1088571117 1001923460 1015293625 1025873407 1024670537 1031833518 
v 1014031210 1021405505 1028045075 1033920660 1032048084 1020586253 1023805771 1026393567 1049129614 1022965993 1015241611 1057563131 1144594216 1108988469 1080067384 1116146116 1144366797 1152255523 1119837354 1123758342 
v 1122571961 1156225233 1143643948 1121934370 1126259992 1141225604 1149897903 1113159817 1113905736 1108502509 1140594201 1039710691 1016489993 1039206786 1019467909 1015436669 1010494122 1014265282 1012938874 1010286058 
v 1018570633 1016789085 1018583637 1007763282 1015449673 1009583842 1014213266 1020118109 1022523849 1112023490 1125851850 1134436677 1100988932 1105267715 1098803756 1127444256 1072992776 1092388823 1046787620 1019739843 
v 1020464715 1018841732 1016133686 1008547232 1014182156 1019639557 1016835772 1024168920 1018878204 1022302013 1019780886 1026605171 1026343086 1019192775 1025319815 1027033625 1053323084 1028809097 1029132600 1048391438 
v 1132786486 1096859375 1068140588 1103323118 1132906933 1140144506 1107864809 1134274888 1134593867 1143412294 1133173496 1135034155 1141530576 1139404647 1141462252 1118651673 1143554844 1141990107 1130438481 1119157869 
v 1129960808 1143194856 1120302051 1107913068 1078190260 1114705786 1093210698 1151946746 1118833267 1112936426 1120703341 1151195925 1143089407 1114273311 1124043818 1111944347 1156347536 1119815941 1115028945 1121288167 
v 1141029409 1142391354 1113323714 1114100257 1108584686 1140809172 1040197885 1022270801 1040268706 1015934107 1016711373 1008915666 1015683801 1012709922 1016263457 1011313425 1013052459 1018134165 1019504261 1020689921 
v 1010891841 1015341277 1018937779 1022020495 1031805385 1013368647 1021401317 1027708282 1022376193 1029796361 1014923238 1021612101 1028472375 1041081909 1021454154 1016447901 1055918354 1022324605 1020489325 1017563073 
v 1008012121 1013803449 1017369349 1018806985 1028434407 1014843441 1018174833 1028337545 1027149711 1028699503 1011315625 1018276793 1026752067 1088302659 1051777122 1028393624 1062313822 1141934661 1108680803 1079372081 
v 1112889793 1092436516 1149652790 1116868545 1111084997 1118022382 1148819762 1149872024 1117305027 1120593531 1119425887 1152922410 1141406687 1119135806 1124088453 1138450428 1146677076 1110099888 1110663204 1105514312 
v 1137154113 1036932622 1019673645 1036851054 1016523081 1013986977 1009092897 1012029345 1010173673 1013558745 1017797581 1150788710 1114462297 1115226573 1109359510 1141507903 1049030404 1046019345 1050639147 1040203136 
v 1057677294 1011764721 1015500394 1014706361 1009897911 1018145135 1015175105 1018328994 1008738226 1016165115 1011906146 1015726682 1020507016 1022119318 1013320396 1006091603 1013405251 1024737602 1025027513 1032542718 
v 1015104390 1022331463 1028923634 1032312878 1032012318 1019205860 1022076889 1028138779 1094722710 1056288025 1032008889 1068237157 1145485997 1112185547 1083545390 1117000105 1141226457 1153296154 1120700024 1121566890 
v 1123134707 1156726084 1144502031 1120664792 1126386125 1054473756 1048591835 1133483465 1098114476 1068653413 1104265226 1133640126 1141139592 1108740012 1135117499 1135282216 1144412282 1141889715 1118994954 1142010158 
v 1141060157 1144824792 1134961496 1141357053 1140535204 1132160230 1139814259 1110502189 1138992544 1110707720 1129398388 1100729059 1128509211 1089881881 1077027619 1084840709 1056075830 1068377621 1021630872 1019821515 
v 1019402392 1018002235 1018731868 1017336678 1016587318 1008509328 1016478858 1020250308 1018677638 1024374122 1020038318 1020654568 1023085058 1026203152 1024682247 1018588898 1026942652 1028616387 1028310727 1010615398 
v 1016466642 1012836708 1020072210 1019132370 1016637522 1005336681 1018192530 1023616601 1019892786 1026090089 1013093013 1017372306 1026495929 1032705932 1028939513 1016458098 1023902825 1027307609 1036533382 1028059461 
v 1017141616 1052265294 1139919849 1103659170 1074847853 1110558013 1140590286 1147476455 1115386024 1118274122 1117402407 1150938673 1148104756 1120616718 1121671661 1137477095 1150934280 1138983726 1117206693 1121215624 
v 1135998389 1144353513 1108121399 1108617662 1102952100 1134407278 1034359196 1017842226 1034600564 1019892786 1015167954 1015979634 1015202130 1117166044 1124037194 1132016513 1154504680 1118384715 1113171840 1119672553 
v 1139235460 1141265544 1111631692 1112353113 1107501770 1138920024 1038704162 1019003879 1038352173 1018352151 1017130161 1014071523 1016746107 1013512923 1015384461 1009998398 1012884498 1017514215 1019283191 1019387933 
v 1009463073 1018375427 1023557903 1022355623 1029557292 1011837123 1019399571 1026234643 1027520642 1029871518 1016618089 1023924500 1031425166 1095468024 1058309104 1032339216 1067031715 1142454640 1109921507 1081120019 
v 1113641575 1134965312 1151059767 1117779565 1117547137 1119876891 1153306292 1024143288 1015557562 1032495836 1016346086 1024268728 1031868636 1037096796 1016561138 1015862219 1026248919 1099270596 1063709488 1034341777 
v 1074382070 1064184576 1148238093 1111681612 1085287736 1118772493 1149319178 1146327331 1116593786 1126195822 1114646352 1159668696 1123674886 1117671530 1125072235 1143996884 1145990947 1117101797 1117634473 1112085055 
v 1143927553 1042586734 1018980473 1042638254 1019213446 1015091616 1011003992 1017726003 1015826377 1013799668 1010538046 1016919558 1012365988 991502778 1019482261 1012903618 1017708082 1023462328 1024340408 1016812032 
v 992076242 0
