k=20 n=64
c 
c Mallob -- a parallel and distributed platform for job scheduling, load balancing, and SAT solving
c Designed by P. Sanders and D. Schreiber 2018-2022
c Developed by D. Schreiber 2019-2022
c 
c 8.058 13                            loaded
c 22.639 13                            first iteration finished
c 36.301 13                            Got Result after iter 22
s SATISFIABLE
v 1113063424 1160099685 1120431470 1104098186 1124631842 1129330876 1150008586 1120000636 1120693274 1115868136 1147295432 1045805454 1018737414 1045303038 1022872910 1021060726 1014135804 1021943584 1019411176 990202789 
v 1002215763 1002029898 1000821775 994663547 1022129449 1016112072 1020549597 1025848202 1028705875 1017064630 992804898 1013252946 1010650837 1001193506 1036467189 1019387941 1027369970 1035044160 1034806022 1010790236 
v 998405532 990016924 998498464 1037082868 1024024402 1020851628 1064978581 1151951052 1116645112 1087091249 1123426974 1131782446 1149964228 1120360687 1123282802 1032173445 1103490256 1066006493 1039507922 1077700576 
v 1152781082 1118625471 1091451875 1124500086 1103617736 1160305044 1127567876 1122628266 1129156180 1148457268 1150466936 1121225414 1121966286 1116614999 1148585294 1047502812 1022559250 1047048772 1023772138 1006779014 
v 1005705831 1004689800 1011147948 1021314612 1014246844 1020222378 1014653257 998288804 1021187608 1013535622 1021898830 1015929646 998796819 1005807434 997317224 1022533848 1027988666 1018393522 1008607870 997926842 
v 1022737056 1029296805 1039501568 1020120774 1019790564 1027480650 1025956604 1036866238 1021238409 1019433016 1027033049 1034873082 1032467358 1005581527 1007250106 1008484397 1007752966 1037073092 1023981606 1021490167 
v 1064569642 1151735544 1116543874 1086910185 1123220284 1134305008 1149794190 1119997505 1123878063 1116530090 1160179516 1120385080 1105965894 1124753143 1132762458 1149892802 1119783134 1120465458 1115723608 1146966444 
v 1045678846 1019090156 1045030272 1022221598 1021353024 1015753000 1021261594 1019113014 990244317 1002838658 1006884390 1000644363 992255754 1021124451 1016233002 1018907298 1025284469 1027821624 1017330150 994084334 
v 1013055845 1011821554 1002655800 1017142303 1015937332 1017788268 1000240863 1018111250 1003917892 1022508775 1024071280 1019726161 1008877919 1014045634 1019303800 1020210634 1030928439 1016682674 1013200910 1025127184 
v 1026916007 1031667571 1013573582 1021080201 1027145821 1024797990 1030456388 1016769631 1057221593 1144310073 1108870328 1079905655 1116030267 1094662202 1151491306 1119087971 1114114324 1120499724 1140748556 1151494340 
v 1118996406 1114417012 1120598904 1150884314 1142478051 1113797995 1123124596 1111354430 1149921698 1113123887 1113280822 1109011620 1140071538 1083890531 1080115190 1080599956 1074418746 1108785134 1146646476 1109941793 
v 1110398162 1105526802 1136322190 1063895208 1060407089 1062328171 1056319916 1070732466 1028744579 1028937290 1028409872 1030240620 1018489722 1007372740 1011876078 1016329337 1024002888 1029571200 1017434888 1022100508 
v 1025737280 1020832676 1027060896 1012809202 1017982590 1025879277 1032868197 1015396214 1020122690 1055048918 1142127524 1106802686 1077199675 1113125510 1092531170 1149521650 1116975304 1111320613 1118180832 1148804266 
v 1140792060 1110834696 1120099739 1109002768 1152778002 1116961092 1111449452 1118148562 1148543233 1140497214 1110732092 1124539502 1104151418 1160442699 1127541392 1122515197 1128983506 1148190854 1150410529 1121107688 
v 1121869352 1116587128 1148586328 1047035314 1022427733 1047215086 1023461426 1007176220 1004590804 1007176220 1011213223 1023260366 1015867604 1019702757 1015135897 989630238 1021166170 1013181262 1022680046 1015312516 
v 999847326 1007428533 992972594 1022024034 1028078748 1018012261 1014341902 999241775 1022478196 1028936612 1038586782 1021998802 1020131688 1026590104 1025593468 1036309662 1021998803 1018062724 1033124214 1110191459 
v 1075586270 1049019913 1083788996 1152689279 1119650576 1106780915 1077226782 1112838114 1092270964 1149509318 1116956062 1111289686 1118102111 1148694964 1140560207 1110816984 1120161478 1109131914 1152747132 1116975480 
v 1111412858 1118154302 1148560438 1140419102 1110755034 1120019362 1108740201 1146634110 1110065952 1110462032 1105690480 1136528471 1069439301 1063686175 1065443267 1058815860 1074522341 1012824333 1011449244 1019200864 
v 1019736744 1019322196 1008355297 1011954793 1016491131 1023959643 1029687488 1018250436 1021435384 1025410562 1020373734 1026714874 1012500784 1018402099 1025739168 1032729937 1014644305 1020272624 1055316529 1019134383 
v 1008674988 995783694 1022355609 1028571166 1038634303 1020361516 1019159948 1026462032 1025810116 1036672167 1022381174 1020105864 1030820912 1097329392 1058403454 1032262155 1073238506 1152795330 1118552033 1090613913 
v 1124473973 1103258489 1160253836 1127594510 1122620002 1129154494 1148396504 1150510885 1121293010 1122066491 1116711440 1148699118 1047323298 1022739088 1047262581 1023879938 1006319786 1004683608 1001411252 1009799860 
v 1021000648 1015248460 1020949518 1014452740 992715860 1021281866 1012509779 1022764652 1014350480 999570552 1007805768 994352038 1023020306 1023631268 1023825219 1013389330 1006811889 998962969 1017797744 1024584154 
v 1034461118 1016650907 1024010736 1031956632 1025629799 1032433075 1016988213 1015284824 1025309360 1092618040 1055366101 1030883318 1067713821 1148550758 1114376120 1085230538 1119147196 1099207056 1155419694 1123309942 
v 1117623206 1124633826 1154409434 1146110826 1117145412 1126377366 1115369382 1152654980 1116561772 1117012362 1111355381 1143324148 1047251550 1044312785 1050290718 1038542502 1049108046 1014839740 1017123133 1016381064 
v 992935494 1018303701 1007587690 1016718368 1010387318 1018337431 1010893276 1017802794 1015572514 1018576941 1009524779 1018300461 1012731959 992526378 1016438820 1013727292 1015425058 1022226491 1025684521 1016623142 
v 991494182 1019148336 1024891942 1015167009 1033557032 1017729066 1024071714 1030937662 1038372412 1017600042 1016604710 1024292899 1022023738 1032405027 1018982447 1016033316 1061597100 1149643290 1113565968 1084439047 
v 1120230306 1149772816 1147365902 1118081565 1127476864 1116361708 1158973565 1122963396 1118420970 1123770158 1144503342 1139238618 1114178286 1114956749 1109093833 1138651651 1036040754 1017729066 1042404138 1019277360 
v 1020715061 1141410954 1115652210 1116079364 1110022978 1141815598 1039021488 1017794403 1042410892 1019559640 1019853846 1012366244 1018364428 1017279542 1016635967 1010527455 1016875008 1011189419 989259862 1018548306 
v 1015826900 1016599190 1023636290 1025300392 1016213046 991470142 1019945785 1024785532 1012072037 1033620047 1018401202 1022924622 1031662601 1037945796 1015900451 1016047554 1023498382 1022005228 1030108824 1018566693 
v 1018768960 1061615876 1149618196 1113782034 1084544774 1120173766 1149187352 1147084236 1117954216 1126911039 1116151162 1159270036 1122887753 1117769852 1124330553 1078651614 1152716304 1118455410 1091249148 1124418405 
v 1103569410 1160325110 1127579104 1122508042 1129165794 1148340181 1150627004 1121338498 1122096920 1116723630 1148976016 1047295306 1023497532 1047250426 1023600116 1005243274 1003191603 1002165768 1011118586 1020584320 
v 1014144800 1019994465 1015378206 992546158 1022200012 1012606047 1022430824 1014042216 1000319264 1003909688 997265001 1022405178 1029306325 1017942796 1009682416 993982326 1022482116 1029024220 1039175983 1021533218 
v 1020609966 1027357238 1025433796 1037079432 1021122884 1019353318 1031383640 1103025264 1067404488 1016527933 1023386740 1020698086 1032075136 1019692130 1017168088 1061400827 1149559966 1113814401 1084523226 1120028258 
v 1149707368 1147074482 1117963766 1127293293 1116288225 1158998679 1123047700 1118388185 1123997768 1144299176 1139349876 1114432978 1115242623 1109284649 1140207242 1036542508 1017771664 1042404790 1020313994 1021137052 
v 1012327771 1017789954 1017168089 1018631301 1011266942 1017241250 1012400932 992733871 1018503270 1013534920 1013790983 1023883148 1024697059 1016802286 989953768 1019271456 1025483536 1012364350 1033602365 1018119177 
v 1022252752 1031491852 1038947663 1005435668 996130592 1023880740 1028208496 1018928880 1009292860 997352547 1023511608 1028577628 1039091929 1020456324 1018877965 1026871984 1025726400 1036807128 1020812726 1018801593 
v 1032072054 1103950324 1066476126 1038652790 1078000371 1152777847 1118563433 1091500395 1124616291 1103669503 1160241244 1127656420 1122577959 1129035457 1148887214 1150530005 1121211336 1121963466 1116644618 1148654022 
v 1047404162 1021550990 1047146406 1024148042 1006555792 1003602735 1001056996 1011584025 1020303579 1015212101 1020354494 1013926105 995926932 1022442000 1012296832 1021474619 1015746706 1017305329 1009695973 1016661598 
v 1011898207 987985962 1018016820 1012846862 1017525552 1022014724 1024440357 1015729883 992037861 1019016295 1024279425 1014642531 1033273646 1017440851 1024338715 1032020067 1037271549 1016797120 1015509660 1022658454 
v 1021099950 1033447284 1020574800 1016712420 1060519939 1148645106 1112392075 1083582925 1119280262 1148893469 1146179302 1117193560 1126515976 1115561474 1159229350 1123323943 1117673302 1124668642 1143507832 1145302242 
v 1116559063 1117070743 1111380374 1143215486 1042407618 1017000404 1042020112 1019219579 1019321220 1011423880 1017508612 1121331769 1116254126 1147204750 1046349410 1021893832 1046867952 1023808513 1009004902 1003130440 
v 1002426478 1010111126 1021944114 1014536024 1021441285 1014737156 985950960 1021667558 1012021878 1020284778 1015809597 1002426479 1007496412 995144095 1023100622 1028547678 1017996904 1013228667 998705541 1023276612 
v 1029226498 1039670423 1020913314 1019228836 1027139757 1025367282 1036219756 1021013881 1018449451 1038608194 1119313449 1081463790 1052036880 1091179106 1152760802 1126915400 1096607895 1124763204 1105189090 1160522286 
v 1127364501 1122507660 1128640963 1148843972 1150204259 1117173968 1126426212 1115551095 1159177474 1123435903 1117669428 1124691774 1143497872 1145277239 1116557457 1117082127 1111418106 1143268028 1042482408 1017034942 
v 1042022875 1018746017 1020253796 1010001640 1017983657 1016797762 1017966715 1009832227 1016509760 1011526360 990276630 1018390248 1012881668 1018119187 1023082999 1024652718 1015984578 991360876 1018593544 1024186832 
v 1015069746 1032948149 1016679174 1023932712 1031990964 1037382543 1015798224 1015374690 1023432942 1020457092 1033693567 1020982273 1017644830 1060443929 1148643724 1112404773 1083604458 1119206339 1148870997 1025747762 
v 1036731830 1022371514 1018239188 1032031945 1101845674 1063629818 1035564829 1077056296 1152926544 1118530646 1091224451 1124629181 1103633514 1160262496 1127700136 1122731752 1129184100 1148987832 1150426116 1121109646 
v 1121848822 1116560592 1148474074 1047055868 1023136759 1046893255 1024000451 1006713072 1002915939 1003120004 1010488284 1021580760 1015484302 1020101285 1013651300 992894806 1022779645 1011712678 1021861351 1016045482 
v 999752922 1005058627 994323264 1023009220 1029803565 1018213678 1009672022 992894806 1021147120 1028872516 1039053076 1020968564 1018647318 1024126962 1015357198 1033100008 1017135926 1024287894 1031952306 1037330840 
v 1016559957 1015967048 1023065020 1020456220 1033633627 1021320172 1017068166 1060483412 1148653018 1112505108 1083488298 1119225918 1148864242 1146238102 1117186297 1126464095 1115559366 1159212730 1123347551 1117678319 
v 1124736838 1143633706 1145250206 1116565470 1117069738 1111366338 1143300321 1042195866 1017813538 1042121752 1019100998 1019592266 1010983432 1017220628 1016221152 1017118986 1010000898 1016678540 1011796566 991089208 
v 1018677490 1012270894 1017254508 1023584874 1024736812 1015848466 990411597 1019708950 1045296676 1023084162 1022682912 1015531243 1021030712 1019048070 1004206290 1003923055 1001846004 999768950 994307098 1021455562 
v 1016215726 1019284098 1026162122 1027708112 1015908888 993362983 1008487998 1009715348 1004678347 1036610081 1019449318 1027188848 1035247016 1032680204 1001185122 1006472166 1007213442 1005528050 1037731216 1024627936 
v 1020865491 1064855348 1151857688 1116447036 1087008944 1123426638 1133079875 1149813730 1120063225 1123636854 1116329058 1160321841 1119247136 1103830922 1124701786 1129031648 1149852082 1120206969 1120901686 1115996691 
v 1147604848 0
k=20 n=32
c 
c Mallob -- a parallel and distributed platform for job scheduling, load balancing, and SAT solving
c Designed by P. Sanders and D. Schreiber 2018-2022
c Developed by D. Schreiber 2019-2022
c 
c 8.062 9                            loaded
c 22.576 9                            first iteration finished
c 39.348 9                            Got Result after iter 22
s SATISFIABLE
v 1113063424 1160099684 1120431482 1104098182 1124631847 1129330874 1150008587 1120000637 1120693275 1115868137 1147295432 1045805454 1018737414 1045303037 1022872908 1021060725 1014135804 1021943584 1019411174 990202789 
v 1002215763 1002029898 1000821776 994663548 1022129449 1016112072 1020549598 1025848200 1028705874 1017064630 992804898 1013252946 1010650838 1001193506 1036467188 1019387941 1027369969 1035044160 1034806022 1010790236 
v 998405532 990016924 998498464 1037082868 1024024400 1020851628 1064978571 1151951050 1116645114 1087091250 1123426980 1131782446 1149964230 1120360689 1123282802 1032173446 1103490256 1066006493 1039507921 1077700584 
v 1152781084 1118625470 1091451876 1124500086 1103617727 1160305044 1127567874 1122628273 1129156183 1148457266 1150466935 1121225420 1121966296 1116614999 1148585294 1047502812 1022559250 1047048775 1023772137 1006779015 
v 1005705832 1004689800 1011147948 1021314610 1014246844 1020222378 1014653256 998288804 1021187608 1013535622 1021898828 1015929646 998796819 1005807434 997317223 1022533848 1027988667 1018393520 1008607871 997926842 
v 1022737054 1029296806 1039501574 1020120774 1019790564 1027480651 1025956604 1036866242 1021238409 1019433016 1027033050 1034873084 1032467360 1005581527 1007250106 1008484396 1007752964 1037073094 1023981608 1021490169 
v 1064569624 1151735542 1116543874 1086910188 1123220290 1134305007 1149794188 1119997506 1123878062 1116530097 1160179518 1120385084 1105965891 1124753145 1132762457 1149892800 1119783136 1120465458 1115723608 1146966445 
v 1045678849 1019090157 1045030275 1022221602 1021353024 1015753000 1021261596 1019113014 990244318 1002838658 1006884390 1000644364 992255754 1021124453 1016233002 1018907300 1025284470 1027821624 1017330150 994084334 
v 1013055844 1011821554 1002655800 1017142304 1015937333 1017788268 1000240864 1018111252 1003917892 1022508779 1024071281 1019726162 1008877920 1014045634 1019303802 1020210634 1030928441 1016682676 1013200913 1025127184 
v 1026916008 1031667572 1013573584 1021080203 1027145823 1024797991 1030456390 1016769632 1057221588 1144310072 1108870328 1079905657 1116030268 1094662188 1151491304 1119087973 1114114324 1120499723 1140748548 1151494336 
v 1118996408 1114417015 1120598908 1150884315 1142478042 1113797995 1123124597 1111354432 1149921698 1113123888 1113280822 1109011620 1140071533 1083890528 1080115191 1080599961 1074418747 1108785130 1146646476 1109941788 
v 1110398159 1105526801 1136322192 1063895209 1060407088 1062328170 1056319916 1070732468 1028744576 1028937288 1028409872 1030240619 1018489720 1007372740 1011876078 1016329336 1024002886 1029571210 1017434886 1022100505 
v 1025737282 1020832673 1027060902 1012809203 1017982588 1025879280 1032868204 1015396213 1020122687 1055048910 1142127525 1106802684 1077199677 1113125508 1092531166 1149521652 1116975298 1111320604 1118180817 1148804264 
v 1140792076 1110834688 1120099724 1109002762 1152778001 1116961082 1111449441 1118148541 1148543230 1140497228 1110732083 1124539501 1104151410 1160442700 1127541392 1122515204 1128983510 1148190852 1150410530 1121107692 
v 1121869361 1116587128 1148586328 1047035314 1022427732 1047215086 1023461427 1007176221 1004590805 1007176222 1011213223 1023260364 1015867603 1019702756 1015135897 989630240 1021166170 1013181261 1022680046 1015312516 
v 999847326 1007428534 992972594 1022024032 1028078749 1018012261 1014341900 999241776 1022478196 1028936612 1038586784 1021998802 1020131688 1026590104 1025593470 1036309662 1021998801 1018062723 1033124214 1110191460 
v 1075586269 1049019913 1083789000 1152689280 1119650578 1106780912 1077226782 1112838116 1092270959 1149509321 1116956060 1111289681 1118102114 1148694968 1140560226 1110816980 1120161480 1109131914 1152747134 1116975482 
v 1111412854 1118154308 1148560439 1140419124 1110755034 1120019364 1108740200 1146634112 1110065954 1110462034 1105690478 1136528471 1069439298 1063686174 1065443265 1058815860 1074522342 1012824335 1011449247 1019200863 
v 1019736744 1019322195 1008355298 1011954793 1016491132 1023959642 1029687496 1018250436 1021435383 1025410564 1020373734 1026714876 1012500785 1018402098 1025739170 1032729940 1014644304 1020272624 1055316526 1019134382 
v 1008674986 995783694 1022355608 1028571166 1038634302 1020361516 1019159948 1026462032 1025810117 1036672168 1022381172 1020105862 1030820912 1097329392 1058403454 1032262155 1073238514 1152795331 1118552034 1090613912 
v 1124473971 1103258490 1160253834 1127594512 1122620003 1129154496 1148396505 1150510886 1121293010 1122066490 1116711438 1148699119 1047323293 1022739088 1047262576 1023879938 1006319786 1004683606 1001411252 1009799858 
v 1021000648 1015248460 1020949517 1014452740 992715861 1021281866 1012509778 1022764653 1014350480 999570551 1007805767 994352038 1023020305 1023631272 1023825220 1013389332 1006811890 998962969 1017797744 1024584157 
v 1034461120 1016650910 1024010738 1031956633 1025629800 1032433074 1016988214 1015284824 1025309360 1092618042 1055366101 1030883318 1067713830 1148550752 1114376121 1085230538 1119147198 1099207065 1155419694 1123309940 
v 1117623202 1124633828 1154409432 1146110800 1117145410 1126377376 1115369384 1152654980 1116561768 1117012360 1111355379 1143324146 1047251553 1044312786 1050290722 1038542504 1049108046 1014839741 1017123136 1016381066 
v 992935493 1018303702 1007587690 1016718370 1010387320 1018337434 1010893276 1017802794 1015572514 1018576942 1009524780 1018300462 1012731960 992526378 1016438821 1013727292 1015425058 1022226492 1025684522 1016623142 
v 991494182 1019148336 1024891942 1015167009 1033557032 1017729067 1024071714 1030937662 1038372411 1017600043 1016604711 1024292900 1022023740 1032405028 1018982448 1016033317 1061597108 1149643291 1113565968 1084439050 
v 1120230304 1149772818 1147365902 1118081563 1127476864 1116361705 1158973563 1122963392 1118420968 1123770152 1144503342 1139238624 1114178286 1114956751 1109093831 1138651651 1036040754 1017729067 1042404135 1019277360 
v 1020715062 1141410956 1115652210 1116079363 1110022978 1141815599 1039021486 1017794402 1042410888 1019559639 1019853846 1012366244 1018364426 1017279542 1016635966 1010527456 1016875008 1011189420 989259863 1018548306 
v 1015826898 1016599190 1023636288 1025300392 1016213046 991470142 1019945785 1024785532 1012072038 1033620046 1018401202 1022924620 1031662599 1037945796 1015900452 1016047554 1023498380 1022005226 1030108822 1018566694 
v 1018768960 1061615892 1149618197 1113782032 1084544776 1120173760 1149187352 1147084236 1117954210 1126911038 1116151160 1159270036 1122887752 1117769848 1124330552 1078651618 1152716301 1118455407 1091249147 1124418403 
v 1103569415 1160325112 1127579102 1122508043 1129165797 1148340182 1150627004 1121338499 1122096917 1116723628 1148976014 1047295307 1023497531 1047250426 1023600115 1005243273 1003191602 1002165768 1011118584 1020584320 
v 1014144799 1019994464 1015378206 992546157 1022200010 1012606046 1022430822 1014042216 1000319264 1003909688 997264999 1022405177 1029306324 1017942793 1009682416 993982327 1022482115 1029024219 1039175982 1021533218 
v 1020609966 1027357237 1025433795 1037079432 1021122882 1019353317 1031383640 1103025264 1067404486 1016527934 1023386743 1020698090 1032075137 1019692131 1017168090 1061400838 1149559966 1113814401 1084523227 1120028260 
v 1149707370 1147074484 1117963764 1127293294 1116288226 1158998680 1123047697 1118388186 1123997769 1144299180 1139349880 1114432981 1115242626 1109284650 1140207242 1036542506 1017771664 1042404784 1020313996 1021137053 
v 1012327772 1017789954 1017168090 1018631302 1011266942 1017241249 1012400932 992733871 1018503270 1013534922 1013790984 1023883148 1024697060 1016802286 989953768 1019271458 1025483537 1012364352 1033602365 1018119178 
v 1022252752 1031491852 1038947661 1005435668 996130593 1023880740 1028208496 1018928880 1009292860 997352548 1023511608 1028577629 1039091928 1020456322 1018877964 1026871983 1025726401 1036807128 1020812726 1018801593 
v 1032072053 1103950324 1066476126 1038652788 1078000376 1152777846 1118563434 1091500396 1124616291 1103669500 1160241244 1127656417 1122577960 1129035460 1148887216 1150530004 1121211339 1121963474 1116644618 1148654022 
v 1047404154 1021550990 1047146399 1024148043 1006555792 1003602734 1001056996 1011584024 1020303579 1015212100 1020354494 1013926104 995926934 1022442000 1012296831 1021474618 1015746706 1017305330 1009695973 1016661599 
v 1011898208 987985963 1018016821 1012846862 1017525552 1022014724 1024440356 1015729884 992037862 1019016296 1024279424 1014642532 1033273642 1017440850 1024338715 1032020065 1037271538 1016797122 1015509660 1022658454 
v 1021099949 1033447281 1020574801 1016712420 1060519941 1148645116 1112392078 1083582924 1119280264 1148893470 1146179305 1117193560 1126515980 1115561510 1159229352 1123323917 1117673302 1124668634 1143507833 1145302268 
v 1116559064 1117070740 1111380376 1143215488 1042407620 1017000404 1042020112 1019219580 1019321222 1011423880 1017508612 1121331774 1116254126 1147204749 1046349402 1021893832 1046867946 1023808510 1009004900 1003130438 
v 1002426478 1010111124 1021944113 1014536024 1021441286 1014737156 985950959 1021667557 1012021878 1020284778 1015809595 1002426478 1007496412 995144094 1023100622 1028547678 1017996903 1013228666 998705540 1023276612 
v 1029226498 1039670420 1020913313 1019228836 1027139756 1025367282 1036219755 1021013880 1018449450 1038608194 1119313448 1081463790 1052036880 1091179102 1152760799 1126915400 1096607892 1124763201 1105189084 1160522286 
v 1127364498 1122507664 1128640964 1148843972 1150204256 1117173967 1126426214 1115551132 1159177474 1123435874 1117669426 1124691761 1143497874 1145277264 1116557457 1117082122 1111418107 1143268026 1042482408 1017034940 
v 1042022874 1018746016 1020253796 1010001639 1017983656 1016797762 1017966714 1009832227 1016509759 1011526360 990276630 1018390248 1012881668 1018119186 1023082998 1024652718 1015984578 991360876 1018593544 1024186832 
v 1015069746 1032948144 1016679173 1023932711 1031990962 1037382528 1015798224 1015374689 1023432942 1020457092 1033693561 1020982272 1017644830 1060443928 1148643730 1112404774 1083604456 1119206340 1148870994 1025747762 
v 1036731830 1022371513 1018239186 1032031944 1101845673 1063629818 1035564830 1077056294 1152926544 1118530647 1091224452 1124629182 1103633518 1160262496 1127700138 1122731758 1129184104 1148987834 1150426116 1121109645 
v 1121848824 1116560590 1148474073 1047055863 1023136760 1046893248 1024000450 1006713071 1002915938 1003120003 1010488284 1021580760 1015484302 1020101284 1013651298 992894805 1022779645 1011712677 1021861350 1016045482 
v 999752922 1005058626 994323264 1023009218 1029803564 1018213678 1009672021 992894806 1021147120 1028872515 1039053076 1020968564 1018647317 1024126962 1015357198 1033100006 1017135926 1024287894 1031952304 1037330828 
v 1016559957 1015967048 1023065020 1020456218 1033633622 1021320172 1017068165 1060483415 1148653027 1112505110 1083488297 1119225919 1148864240 1146238107 1117186298 1126464098 1115559402 1159212730 1123347524 1117678318 
v 1124736829 1143633709 1145250230 1116565470 1117069733 1111366340 1143300321 1042195868 1017813537 1042121754 1019100997 1019592265 1010983434 1017220628 1016221152 1017118986 1010000898 1016678538 1011796566 991089208 
v 1018677490 1012270894 1017254508 1023584873 1024736812 1015848466 990411597 1019708950 1045296686 1023084162 1022682912 1015531242 1021030710 1019048070 1004206289 1003923054 1001846002 999768950 994307098 1021455562 
v 1016215726 1019284098 1026162122 1027708110 1015908888 993362984 1008487998 1009715346 1004678347 1036610081 1019449318 1027188848 1035247016 1032680204 1001185122 1006472164 1007213442 1005528049 1037731220 1024627938 
v 1020865490 1064855342 1151857686 1116447036 1087008944 1123426640 1133079874 1149813728 1120063226 1123636852 1116329059 1160321840 1119247142 1103830922 1124701790 1129031648 1149852082 1120206970 1120901686 1115996692 
v 1147604846 0
k=20 n=16
c 
c Mallob -- a parallel and distributed platform for job scheduling, load balancing, and SAT solving
c Designed by P. Sanders and D. Schreiber 2018-2022
c Developed by D. Schreiber 2019-2022
c 
c 8.560 5                            loaded
c 22.975 5                            first iteration finished
c 46.928 5                            Got Result after iter 22
s SATISFIABLE
v 1113063424 1160099686 1120431493 1104098182 1124631850 1129330874 1150008583 1120000638 1120693278 1115868138 1147295433 1045805439 1018737414 1045303022 1022872910 1021060727 1014135805 1021943585 1019411175 990202788 
v 1002215764 1002029898 1000821776 994663548 1022129450 1016112073 1020549598 1025848202 1028705875 1017064631 992804898 1013252946 1010650838 1001193505 1036467185 1019387942 1027369970 1035044158 1034806018 1010790236 
v 998405532 990016924 998498464 1037082864 1024024402 1020851629 1064978608 1151951054 1116645112 1087091250 1123426984 1131782445 1149964227 1120360690 1123282804 1032173444 1103490254 1066006492 1039507922 1077700578 
v 1152781083 1118625470 1091451880 1124500088 1103617746 1160305042 1127567872 1122628254 1129156189 1148457268 1150466906 1121225408 1121966283 1116615001 1148585290 1047502822 1022559250 1047048781 1023772136 1006779014 
v 1005705830 1004689800 1011147948 1021314611 1014246846 1020222378 1014653256 998288803 1021187608 1013535622 1021898829 1015929646 998796819 1005807434 997317222 1022533850 1027988664 1018393522 1008607870 997926841 
v 1022737056 1029296803 1039501574 1020120774 1019790564 1027480649 1025956602 1036866240 1021238408 1019433014 1027033048 1034873082 1032467358 1005581526 1007250105 1008484396 1007752964 1037073092 1023981608 1021490168 
v 1064569673 1151735548 1116543876 1086910192 1123220289 1134305004 1149794188 1119997502 1123878056 1116530094 1160179513 1120385097 1105965885 1124753147 1132762456 1149892799 1119783128 1120465454 1115723610 1146966444 
v 1045678849 1019090157 1045030276 1022221599 1021353025 1015753000 1021261596 1019113014 990244317 1002838658 1006884390 1000644362 992255755 1021124453 1016233002 1018907298 1025284470 1027821623 1017330149 994084334 
v 1013055844 1011821554 1002655799 1017142303 1015937332 1017788267 1000240864 1018111250 1003917892 1022508774 1024071280 1019726162 1008877920 1014045634 1019303799 1020210632 1030928438 1016682676 1013200912 1025127182 
v 1026916006 1031667570 1013573585 1021080202 1027145820 1024797988 1030456388 1016769630 1057221598 1144310070 1108870328 1079905664 1116030268 1094662212 1151491300 1119087970 1114114330 1120499724 1140748486 1151494337 
v 1118996410 1114417012 1120598898 1150884312 1142478038 1113798000 1123124592 1111354433 1149921696 1113123884 1113280825 1109011624 1140071528 1083890532 1080115196 1080599980 1074418748 1108785129 1146646475 1109941766 
v 1110398152 1105526787 1136322192 1063895223 1060407088 1062328175 1056319916 1070732467 1028744584 1028937291 1028409870 1030240634 1018489723 1007372740 1011876077 1016329336 1024002887 1029571200 1017434885 1022100508 
v 1025737279 1020832674 1027060894 1012809200 1017982588 1025879274 1032868198 1015396212 1020122689 1055048915 1142127524 1106802680 1077199680 1113125508 1092531198 1149521650 1116975302 1111320607 1118180818 1148804268 
v 1140792077 1110834688 1120099770 1109002744 1152777995 1116961090 1111449444 1118148550 1148543234 1140497233 1110732084 1124539499 1104151408 1160442696 1127541392 1122515198 1128983502 1148190858 1150410509 1121107695 
v 1121869344 1116587127 1148586326 1047035334 1022427732 1047215107 1023461426 1007176220 1004590804 1007176220 1011213222 1023260364 1015867603 1019702754 1015135896 989630240 1021166168 1013181261 1022680044 1015312516 
v 999847326 1007428532 992972594 1022024032 1028078750 1018012260 1014341898 999241775 1022478192 1028936612 1038586796 1021998800 1020131686 1026590105 1025593468 1036309672 1021998800 1018062724 1033124216 1110191454 
v 1075586268 1049019912 1083788992 1152689280 1119650574 1106780922 1077226784 1112838112 1092270948 1149509316 1116956058 1111289681 1118102108 1148694970 1140560234 1110816978 1120161466 1109131927 1152747130 1116975476 
v 1111412854 1118154294 1148560437 1140419132 1110755026 1120019346 1108740202 1146634112 1110065960 1110462036 1105690497 1136528476 1069439301 1063686176 1065443267 1058815860 1074522340 1012824334 1011449246 1019200864 
v 1019736742 1019322195 1008355297 1011954794 1016491132 1023959640 1029687480 1018250435 1021435380 1025410558 1020373732 1026714868 1012500785 1018402099 1025739164 1032729934 1014644306 1020272622 1055316564 1019134386 
v 1008674988 995783694 1022355612 1028571167 1038634294 1020361519 1019159950 1026462032 1025810118 1036672160 1022381178 1020105867 1030820909 1097329397 1058403454 1032262154 1073238510 1152795328 1118552033 1090613915 
v 1124473972 1103258490 1160253835 1127594512 1122620010 1129154500 1148396500 1150510864 1121293010 1122066500 1116711439 1148699119 1047323287 1022739092 1047262570 1023879940 1006319785 1004683606 1001411250 1009799860 
v 1021000652 1015248460 1020949521 1014452742 992715860 1021281870 1012509780 1022764658 1014350480 999570551 1007805768 994352038 1023020309 1023631271 1023825221 1013389332 1006811890 998962969 1017797745 1024584157 
v 1034461118 1016650909 1024010738 1031956633 1025629801 1032433076 1016988215 1015284825 1025309362 1092618030 1055366104 1030883319 1067713820 1148550749 1114376124 1085230539 1119147200 1099207050 1155419694 1123309948 
v 1117623207 1124633858 1154409432 1146110772 1117145412 1126377390 1115369384 1152654978 1116561788 1117012364 1111355394 1143324140 1047251535 1044312786 1050290716 1038542504 1049108045 1014839742 1017123136 1016381066 
v 992935494 1018303704 1007587692 1016718370 1010387320 1018337434 1010893278 1017802794 1015572514 1018576942 1009524778 1018300460 1012731958 992526379 1016438820 1013727290 1015425056 1022226492 1025684521 1016623142 
v 991494182 1019148336 1024891942 1015167008 1033557029 1017729066 1024071715 1030937660 1038372408 1017600041 1016604710 1024292900 1022023740 1032405027 1018982448 1016033315 1061597111 1149643291 1113565970 1084439048 
v 1120230300 1149772817 1147365900 1118081563 1127476864 1116361704 1158973566 1122963396 1118420970 1123770154 1144503344 1139238618 1114178284 1114956751 1109093832 1138651651 1036040750 1017729066 1042404140 1019277360 
v 1020715062 1141410958 1115652208 1116079361 1110022979 1141815598 1039021474 1017794403 1042410886 1019559640 1019853846 1012366242 1018364426 1017279542 1016635966 1010527456 1016875008 1011189419 989259860 1018548306 
v 1015826900 1016599190 1023636290 1025300393 1016213046 991470143 1019945786 1024785532 1012072038 1033620044 1018401204 1022924622 1031662600 1037945782 1015900452 1016047554 1023498380 1022005228 1030108824 1018566694 
v 1018768961 1061615891 1149618195 1113782030 1084544774 1120173762 1149187355 1147084236 1117954213 1126911039 1116151161 1159270036 1122887762 1117769850 1124330552 1078651604 1152716302 1118455406 1091249148 1124418406 
v 1103569412 1160325111 1127579103 1122508031 1129165796 1148340180 1150627002 1121338499 1122096926 1116723626 1148976015 1047295300 1023497531 1047250421 1023600116 1005243273 1003191602 1002165768 1011118584 1020584320 
v 1014144798 1019994465 1015378206 992546158 1022200010 1012606046 1022430822 1014042217 1000319264 1003909687 997265000 1022405178 1029306323 1017942794 1009682416 993982327 1022482114 1029024219 1039175988 1021533217 
v 1020609964 1027357236 1025433796 1037079436 1021122883 1019353318 1031383640 1103025264 1067404486 1016527934 1023386741 1020698088 1032075138 1019692130 1017168089 1061400854 1149559964 1113814395 1084523235 1120028234 
v 1149707371 1147074484 1117963764 1127293290 1116288210 1158998680 1123047714 1118388188 1123997773 1144299183 1139349900 1114432976 1115242607 1109284648 1140207244 1036542500 1017771663 1042404791 1020313994 1021137052 
v 1012327772 1017789953 1017168088 1018631300 1011266942 1017241249 1012400932 992733871 1018503269 1013534922 1013790984 1023883147 1024697060 1016802286 989953768 1019271456 1025483538 1012364352 1033602364 1018119176 
v 1022252751 1031491857 1038947648 1005435667 996130593 1023880741 1028208496 1018928882 1009292860 997352548 1023511610 1028577628 1039091922 1020456326 1018877966 1026871984 1025726402 1036807122 1020812728 1018801595 
v 1032072052 1103950325 1066476126 1038652788 1078000380 1152777846 1118563436 1091500396 1124616291 1103669492 1160241244 1127656420 1122577960 1129035458 1148887214 1150529974 1121211340 1121963467 1116644620 1148654020 
v 1047404168 1021550994 1047146412 1024148044 1006555793 1003602734 1001056996 1011584025 1020303582 1015212102 1020354496 1013926106 995926934 1022442003 1012296832 1021474622 1015746706 1017305328 1009695973 1016661599 
v 1011898208 987985962 1018016820 1012846862 1017525551 1022014722 1024440355 1015729884 992037862 1019016296 1024279422 1014642533 1033273642 1017440850 1024338712 1032020062 1037271556 1016797120 1015509660 1022658452 
v 1021099948 1033447281 1020574800 1016712420 1060519947 1148645099 1112392076 1083582926 1119280212 1148893468 1146179304 1117193564 1126515982 1115561483 1159229350 1123323901 1117673306 1124668629 1143507832 1145302242 
v 1116559059 1117070712 1111380370 1143215486 1042407614 1017000404 1042020108 1019219578 1019321220 1011423880 1017508612 1121331773 1116254124 1147204750 1046349418 1021893828 1046867960 1023808511 1009004901 1003130440 
v 1002426478 1010111124 1021944114 1014536023 1021441284 1014737154 985950960 1021667558 1012021876 1020284777 1015809596 1002426478 1007496412 995144096 1023100620 1028547678 1017996904 1013228667 998705541 1023276611 
v 1029226499 1039670430 1020913314 1019228835 1027139757 1025367281 1036219758 1021013880 1018449449 1038608197 1119313448 1081463792 1052036880 1091179106 1152760800 1126915401 1096607890 1124763202 1105189068 1160522284 
v 1127364499 1122507656 1128640965 1148843971 1150204238 1117173973 1126426218 1115551102 1159177474 1123435862 1117669432 1124691755 1143497870 1145277237 1116557453 1117082094 1111418100 1143268030 1042482402 1017034941 
v 1042022872 1018746016 1020253794 1010001640 1017983654 1016797762 1017966715 1009832226 1016509759 1011526360 990276630 1018390248 1012881668 1018119186 1023082996 1024652714 1015984578 991360876 1018593544 1024186830 
v 1015069745 1032948144 1016679173 1023932710 1031990956 1037382551 1015798224 1015374690 1023432941 1020457090 1033693563 1020982272 1017644830 1060443931 1148643716 1112404772 1083604460 1119206286 1148870997 1025747762 
v 1036731824 1022371513 1018239186 1032031944 1101845672 1063629819 1035564829 1077056296 1152926544 1118530653 1091224448 1124629184 1103633505 1160262500 1127700137 1122731763 1129184108 1148987835 1150426092 1121109647 
v 1121848830 1116560596 1148474074 1047055870 1023136759 1046893255 1024000450 1006713072 1002915938 1003120003 1010488284 1021580759 1015484302 1020101284 1013651300 992894806 1022779644 1011712676 1021861350 1016045482 
v 999752922 1005058626 994323264 1023009218 1029803564 1018213680 1009672022 992894806 1021147120 1028872515 1039053068 1020968563 1018647318 1024126959 1015357198 1033100005 1017135926 1024287892 1031952300 1037330848 
v 1016559957 1015967048 1023065018 1020456217 1033633624 1021320170 1017068165 1060483420 1148653014 1112505107 1083488300 1119225868 1148864239 1146238104 1117186300 1126464100 1115559374 1159212728 1123347516 1117678322 
v 1124736826 1143633707 1145250204 1116565466 1117069706 1111366334 1143300321 1042195862 1017813536 1042121748 1019100996 1019592263 1010983432 1017220628 1016221151 1017118986 1010000898 1016678538 1011796566 991089208 
v 1018677489 1012270894 1017254507 1023584871 1024736810 1015848466 990411597 1019708950 1045296664 1023084161 1022682912 1015531242 1021030712 1019048072 1004206290 1003923056 1001846003 999768951 994307099 1021455562 
v 1016215727 1019284099 1026162123 1027708112 1015908890 993362984 1008487998 1009715348 1004678348 1036610080 1019449319 1027188848 1035247019 1032680204 1001185122 1006472166 1007213444 1005528052 1037731217 1024627936 
v 1020865492 1064855346 1151857692 1116447036 1087008940 1123426644 1133079874 1149813730 1120063224 1123636854 1116329069 1160321840 1119247142 1103830924 1124701790 1129031646 1149852086 1120206970 1120901684 1115996692 
v 1147604846 0
k=20 n=8
c 
c Mallob -- a parallel and distributed platform for job scheduling, load balancing, and SAT solving
c Designed by P. Sanders and D. Schreiber 2018-2022
c Developed by D. Schreiber 2019-2022
c 
c 8.497 3                            loaded
c 23.038 3                            first iteration finished
c 65.922 3                            Got Result after iter 22
s SATISFIABLE
v 1113063424 1160099688 1120431468 1104098182 1124631848 1129330889 1150008602 1120000633 1120693270 1115868138 1147295434 1045805454 1018737416 1045303040 1022872912 1021060728 1014135804 1021943588 1019411176 990202789 
v 1002215766 1002029900 1000821777 994663548 1022129452 1016112072 1020549601 1025848205 1028705880 1017064630 992804898 1013252946 1010650838 1001193506 1036467200 1019387944 1027369973 1035044168 1034806028 1010790236 
v 998405533 990016924 998498464 1037082880 1024024402 1020851630 1064978498 1151951063 1116645110 1087091254 1123426969 1131782446 1149964230 1120360682 1123282801 1032173444 1103490257 1066006492 1039507922 1077700620 
v 1152781080 1118625468 1091451871 1124500084 1103617686 1160305040 1127567876 1122628258 1129156172 1148457271 1150466892 1121225425 1121966344 1116614998 1148585293 1047502818 1022559247 1047048781 1023772136 1006779014 
v 1005705832 1004689802 1011147948 1021314610 1014246843 1020222376 1014653254 998288804 1021187606 1013535620 1021898827 1015929645 998796820 1005807434 997317224 1022533846 1027988664 1018393520 1008607870 997926844 
v 1022737052 1029296804 1039501594 1020120770 1019790562 1027480650 1025956603 1036866254 1021238408 1019433010 1027033050 1034873085 1032467360 1005581528 1007250106 1008484396 1007752966 1037073095 1023981604 1021490162 
v 1064569652 1151735555 1116543876 1086910190 1123220290 1134305010 1149794194 1119997506 1123878062 1116530104 1160179520 1120385106 1105965902 1124753154 1132762454 1149892828 1119783141 1120465464 1115723610 1146966444 
v 1045678814 1019090154 1045030245 1022221592 1021353018 1015752999 1021261591 1019113011 990244318 1002838658 1006884390 1000644363 992255755 1021124446 1016233000 1018907296 1025284468 1027821625 1017330148 994084334 
v 1013055844 1011821554 1002655802 1017142305 1015937329 1017788270 1000240864 1018111252 1003917892 1022508781 1024071280 1019726163 1008877918 1014045630 1019303802 1020210638 1030928424 1016682676 1013200910 1025127180 
v 1026916000 1031667552 1013573580 1021080204 1027145815 1024797990 1030456372 1016769632 1057221610 1144310072 1108870340 1079905653 1116030274 1094662156 1151491316 1119087968 1114114328 1120499723 1140748440 1151494397 
v 1118996406 1114417058 1120598918 1150884315 1142478036 1113797999 1123124540 1111354436 1149921698 1113123926 1113280822 1109011634 1140071531 1083890522 1080115188 1080599950 1074418748 1108785134 1146646464 1109941821 
v 1110398175 1105526723 1136322195 1063895218 1060407092 1062328188 1056319912 1070732467 1028744568 1028937278 1028409868 1030240618 1018489722 1007372740 1011876082 1016329338 1024002885 1029571174 1017434888 1022100506 
v 1025737271 1020832676 1027060878 1012809206 1017982590 1025879264 1032868187 1015396214 1020122690 1055048875 1142127514 1106802645 1077199676 1113125526 1092531205 1149521598 1116975312 1111320633 1118180924 1148804239 
v 1140792078 1110834714 1120099802 1109002738 1152777984 1116961156 1111449472 1118148710 1148543213 1140497228 1110732103 1124539506 1104151388 1160442694 1127541396 1122515196 1128983504 1148190854 1150410494 1121107681 
v 1121869284 1116587130 1148586328 1047035308 1022427728 1047215076 1023461425 1007176220 1004590804 1007176220 1011213222 1023260362 1015867601 1019702752 1015135896 989630239 1021166166 1013181261 1022680042 1015312514 
v 999847326 1007428534 992972594 1022024028 1028078754 1018012258 1014341897 999241776 1022478190 1028936619 1038586802 1021998797 1020131682 1026590108 1025593470 1036309675 1021998796 1018062722 1033124220 1110191460 
v 1075586269 1049019912 1083788972 1152689277 1119650575 1106780918 1077226785 1112838122 1092271016 1149509267 1116956060 1111289688 1118102088 1148694936 1140560246 1110816984 1120161498 1109131906 1152747132 1116975467 
v 1111412853 1118154279 1148560414 1140419134 1110755030 1120019395 1108740196 1146634083 1110065920 1110462020 1105690492 1136528476 1069439326 1063686166 1065443250 1058815851 1074522342 1012824334 1011449246 1019200861 
v 1019736738 1019322190 1008355296 1011954793 1016491130 1023959638 1029687488 1018250434 1021435376 1025410559 1020373727 1026714872 1012500784 1018402095 1025739163 1032729943 1014644304 1020272618 1055316555 1019134380 
v 1008674985 995783695 1022355604 1028571158 1038634305 1020361514 1019159946 1026462025 1025810114 1036672166 1022381170 1020105860 1030820902 1097329405 1058403454 1032262155 1073238590 1152795330 1118552039 1090613913 
v 1124473972 1103258518 1160253840 1127594526 1122620040 1129154488 1148396498 1150510838 1121293021 1122066519 1116711445 1148699116 1047323312 1022739084 1047262597 1023879936 1006319785 1004683606 1001411253 1009799860 
v 1021000646 1015248460 1020949516 1014452740 992715860 1021281863 1012509779 1022764649 1014350478 999570552 1007805767 994352038 1023020301 1023631267 1023825218 1013389331 1006811889 998962970 1017797742 1024584151 
v 1034461120 1016650908 1024010734 1031956625 1025629796 1032433070 1016988212 1015284824 1025309356 1092618024 1055366101 1030883314 1067713853 1148550745 1114376126 1085230550 1119147187 1099207076 1155419693 1123309946 
v 1117623212 1124633856 1154409427 1146110762 1117145424 1126377312 1115369396 1152654970 1116561803 1117012370 1111355434 1143324142 1047251601 1044312794 1050290746 1038542511 1049108046 1014839742 1017123134 1016381064 
v 992935494 1018303698 1007587690 1016718368 1010387319 1018337430 1010893276 1017802794 1015572515 1018576942 1009524779 1018300460 1012731960 992526378 1016438821 1013727292 1015425058 1022226491 1025684518 1016623142 
v 991494182 1019148336 1024891943 1015167010 1033557030 1017729066 1024071715 1030937658 1038372412 1017600042 1016604710 1024292901 1022023740 1032405026 1018982448 1016033317 1061597144 1149643288 1113565966 1084439052 
v 1120230298 1149772818 1147365902 1118081554 1127476860 1116361702 1158973566 1122963386 1118420954 1123770146 1144503340 1139238622 1114178286 1114956750 1109093828 1138651650 1036040756 1017729067 1042404142 1019277360 
v 1020715061 1141410948 1115652214 1116079377 1110022982 1141815598 1039021461 1017794402 1042410872 1019559638 1019853844 1012366242 1018364425 1017279541 1016635964 1010527454 1016875008 1011189418 989259861 1018548306 
v 1015826898 1016599188 1023636288 1025300392 1016213044 991470142 1019945783 1024785530 1012072036 1033620042 1018401200 1022924620 1031662596 1037945768 1015900450 1016047552 1023498378 1022005226 1030108820 1018566692 
v 1018768960 1061615865 1149618184 1113782042 1084544778 1120173826 1149187346 1147084233 1117954218 1126911042 1116151204 1159270036 1122887778 1117769850 1124330564 1078651627 1152716302 1118455410 1091249150 1124418406 
v 1103569422 1160325114 1127579103 1122508036 1129165794 1148340201 1150626966 1121338503 1122096898 1116723626 1148976013 1047295310 1023497532 1047250428 1023600116 1005243276 1003191606 1002165770 1011118588 1020584322 
v 1014144804 1019994465 1015378207 992546158 1022200011 1012606050 1022430824 1014042220 1000319266 1003909690 997265001 1022405176 1029306318 1017942796 1009682418 993982328 1022482115 1029024216 1039175980 1021533218 
v 1020609968 1027357234 1025433793 1037079430 1021122884 1019353320 1031383636 1103025263 1067404486 1016527936 1023386740 1020698092 1032075136 1019692132 1017168092 1061400800 1149559954 1113814407 1084523228 1120028306 
v 1149707366 1147074471 1117963771 1127293289 1116288247 1158998680 1123047756 1118388196 1123997807 1144299172 1139349908 1114432977 1115242650 1109284654 1140207242 1036542490 1017771668 1042404792 1020313997 1021137055 
v 1012327774 1017789956 1017168092 1018631303 1011266944 1017241252 1012400934 992733872 1018503272 1013534924 1013790986 1023883149 1024697060 1016802288 989953768 1019271459 1025483538 1012364354 1033602358 1018119178 
v 1022252754 1031491848 1038947640 1005435666 996130593 1023880739 1028208493 1018928880 1009292860 997352549 1023511608 1028577627 1039091954 1020456322 1018877964 1026871982 1025726398 1036807144 1020812725 1018801594 
v 1032072052 1103950320 1066476127 1038652791 1078000368 1152777844 1118563432 1091500387 1124616291 1103669462 1160241244 1127656416 1122577934 1129035456 1148887214 1150529954 1121211332 1121963514 1116644622 1148654021 
v 1047404172 1021550990 1047146410 1024148041 1006555792 1003602734 1001056996 1011584026 1020303577 1015212102 1020354494 1013926105 995926935 1022441998 1012296832 1021474617 1015746706 1017305327 1009695974 1016661598 
v 1011898210 987985963 1018016818 1012846866 1017525552 1022014717 1024440351 1015729884 992037863 1019016292 1024279418 1014642535 1033273641 1017440851 1024338710 1032020060 1037271537 1016797120 1015509662 1022658446 
v 1021099942 1033447276 1020574796 1016712419 1060519918 1148645094 1112392072 1083582936 1119280152 1148893472 1146179293 1117193562 1126515968 1115561324 1159229344 1123323888 1117673297 1124668640 1143507826 1145302201 
v 1116559056 1117070702 1111380363 1143215486 1042407648 1017000402 1042020134 1019219574 1019321216 1011423882 1017508612 1121331752 1116254128 1147204750 1046349427 1021893828 1046867974 1023808509 1009004900 1003130440 
v 1002426478 1010111124 1021944109 1014536022 1021441280 1014737153 985950960 1021667552 1012021875 1020284774 1015809594 1002426479 1007496412 995144095 1023100616 1028547682 1017996902 1013228664 998705541 1023276608 
v 1029226502 1039670428 1020913309 1019228832 1027139758 1025367281 1036219760 1021013876 1018449445 1038608196 1119313448 1081463788 1052036880 1091179069 1152760803 1126915400 1096607881 1124763204 1105189113 1160522289 
v 1127364498 1122507664 1128640964 1148843968 1150204223 1117173958 1126426206 1115550935 1159177472 1123435846 1117669420 1124691767 1143497866 1145277194 1116557453 1117082086 1111418092 1143268029 1042482402 1017034934 
v 1042022871 1018746008 1020253785 1010001636 1017983648 1016797756 1017966708 1009832224 1016509754 1011526358 990276630 1018390242 1012881663 1018119180 1023082988 1024652714 1015984575 991360876 1018593536 1024186827 
v 1015069742 1032948159 1016679168 1023932706 1031990976 1037382550 1015798220 1015374686 1023432936 1020457080 1033693577 1020982261 1017644820 1060443926 1148643710 1112404768 1083604472 1119206224 1148870990 1025747762 
v 1036731816 1022371511 1018239188 1032031944 1101845674 1063629822 1035564828 1077056349 1152926546 1118530651 1091224452 1124629182 1103633560 1160262496 1127700136 1122731752 1129184108 1148987834 1150426068 1121109650 
v 1121848865 1116560602 1148474074 1047055844 1023136758 1046893232 1024000450 1006713070 1002915940 1003120004 1010488285 1021580758 1015484302 1020101284 1013651300 992894807 1022779643 1011712678 1021861348 1016045482 
v 999752923 1005058626 994323264 1023009216 1029803564 1018213679 1009672022 992894806 1021147120 1028872516 1039053058 1020968564 1018647318 1024126961 1015357194 1033100025 1017135920 1024287893 1031952321 1037330849 
v 1016559952 1015967044 1023065008 1020456211 1033633638 1021320162 1017068160 1060483416 1148653008 1112505101 1083488304 1119225798 1148864232 1146238100 1117186290 1126464095 1115559202 1159212730 1123347488 1117678310 
v 1124736834 1143633695 1145250166 1116565465 1117069696 1111366320 1143300318 1042195858 1017813530 1042121745 1019100990 1019592256 1010983429 1017220623 1016221148 1017118980 1010000894 1016678534 1011796562 991089207 
v 1018677484 1012270890 1017254502 1023584869 1024736812 1015848462 990411596 1019708950 1045296677 1023084159 1022682909 1015531242 1021030710 1019048068 1004206289 1003923054 1001846002 999768950 994307098 1021455562 
v 1016215726 1019284098 1026162124 1027708110 1015908888 993362982 1008487998 1009715347 1004678346 1036610093 1019449318 1027188848 1035247022 1032680204 1001185122 1006472164 1007213443 1005528050 1037731228 1024627936 
v 1020865490 1064855291 1151857698 1116447037 1087008949 1123426638 1133079872 1149813731 1120063222 1123636852 1116329059 1160321842 1119247106 1103830939 1124701758 1129031641 1149852093 1120206966 1120901690 1115996695 
v 1147604844 0
k=20 n=4
c 
c Mallob -- a parallel and distributed platform for job scheduling, load balancing, and SAT solving
c Designed by P. Sanders and D. Schreiber 2018-2022
c Developed by D. Schreiber 2019-2022
c 
c 8.101 0                            loaded
c 22.520 0                            first iteration finished
c 103.111 0                            Got Result after iter 22
s SATISFIABLE
v 1113063424 1160099688 1120431580 1104098175 1124631898 1129330857 1150008594 1120000644 1120693286 1115868130 1147295424 1045805542 1018737410 1045303123 1022872909 1021060723 1014135804 1021943584 1019411174 990202789 
v 1002215762 1002029896 1000821776 994663546 1022129451 1016112074 1020549598 1025848193 1028705857 1017064630 992804898 1013252946 1010650835 1001193504 1036467138 1019387938 1027369960 1035044122 1034805984 1010790233 
v 998405531 990016924 998498464 1037082810 1024024400 1020851626 1064978598 1151951040 1116645108 1087091273 1123427002 1131782434 1149964236 1120360686 1123282801 1032173454 1103490234 1066006493 1039507926 1077700538 
v 1152781083 1118625473 1091451870 1124500076 1103617734 1160305044 1127567858 1122628266 1129156140 1148457271 1150466956 1121225416 1121966386 1116615001 1148585288 1047502886 1022559252 1047048840 1023772138 1006779014 
v 1005705830 1004689798 1011147944 1021314612 1014246840 1020222378 1014653252 998288804 1021187609 1013535618 1021898834 1015929642 998796820 1005807434 997317224 1022533853 1027988672 1018393524 1008607868 997926844 
v 1022737058 1029296812 1039501612 1020120778 1019790568 1027480656 1025956606 1036866274 1021238409 1019433014 1027033048 1034873100 1032467356 1005581528 1007250105 1008484395 1007752965 1037073122 1023981607 1021490164 
v 1064569460 1151735540 1116543870 1086910194 1123220270 1134305006 1149794190 1119997487 1123878052 1116530072 1160179506 1120384981 1105965951 1124753044 1132762444 1149892822 1119783123 1120465456 1115723611 1146966445 
v 1045678900 1019090153 1045030320 1022221594 1021353018 1015752995 1021261594 1019113012 990244318 1002838662 1006884389 1000644365 992255756 1021124447 1016233001 1018907294 1025284466 1027821624 1017330147 994084336 
v 1013055840 1011821548 1002655802 1017142308 1015937338 1017788282 1000240862 1018111262 1003917890 1022508802 1024071294 1019726176 1008877921 1014045638 1019303816 1020210646 1030928432 1016682684 1013200916 1025127194 
v 1026916017 1031667570 1013573586 1021080222 1027145824 1024798000 1030456389 1016769636 1057221584 1144310110 1108870333 1079905638 1116030272 1094662120 1151491334 1119087970 1114114356 1120499729 1140748388 1151494535 
v 1118996402 1114416942 1120598734 1150884330 1142478132 1113798019 1123124498 1111354438 1149921710 1113123802 1113280818 1109011624 1140071526 1083890520 1080115189 1080599942 1074418740 1108785158 1146646437 1109941914 
v 1110398184 1105526958 1136322168 1063895308 1060407095 1062328244 1056319900 1070732478 1028744542 1028937254 1028409860 1030240626 1018489705 1007372744 1011876066 1016329324 1024002874 1029571248 1017434873 1022100472 
v 1025737290 1020832652 1027060912 1012809188 1017982569 1025879284 1032868212 1015396204 1020122666 1055048912 1142127481 1106802774 1077199720 1113125544 1092531020 1149521594 1116975310 1111320598 1118181043 1148804180 
v 1140791758 1110834687 1120099820 1109002878 1152778003 1116961174 1111449448 1118148835 1148543192 1140496919 1110732086 1124539494 1104151472 1160442709 1127541382 1122515193 1128983490 1148190856 1150410556 1121107720 
v 1121869488 1116587125 1148586320 1047035394 1022427750 1047215163 1023461435 1007176218 1004590802 1007176219 1011213226 1023260382 1015867608 1019702768 1015135899 989630240 1021166186 1013181266 1022680064 1015312518 
v 999847324 1007428532 992972593 1022024046 1028078746 1018012270 1014341904 999241774 1022478212 1028936607 1038586823 1021998818 1020131702 1026590104 1025593473 1036309686 1021998818 1018062732 1033124218 1110191434 
v 1075586270 1049019916 1083789021 1152689288 1119650584 1106780924 1077226788 1112838124 1092270989 1149509264 1116956084 1111289710 1118102276 1148694910 1140559910 1110816997 1120161555 1109131969 1152747146 1116975576 
v 1111412874 1118154530 1148560404 1140418844 1110755050 1120019460 1108740212 1146634066 1110066039 1110462057 1105690474 1136528449 1069439302 1063686165 1065443230 1058815856 1074522352 1012824344 1011449252 1019200860 
v 1019736738 1019322194 1008355300 1011954798 1016491135 1023959634 1029687440 1018250435 1021435374 1025410542 1020373728 1026714843 1012500790 1018402096 1025739146 1032729910 1014644313 1020272620 1055316544 1019134388 
v 1008674988 995783696 1022355618 1028571168 1038634327 1020361526 1019159956 1026462036 1025810119 1036672182 1022381186 1020105872 1030820912 1097329399 1058403452 1032262154 1073238289 1152795334 1118552042 1090613872 
v 1124473969 1103258600 1160253836 1127594506 1122620108 1129154484 1148396494 1150510912 1121293035 1122066557 1116711442 1148699112 1047323346 1022739100 1047262630 1023879944 1006319784 1004683608 1001411252 1009799859 
v 1021000657 1015248461 1020949523 1014452742 992715860 1021281877 1012509779 1022764661 1014350478 999570551 1007805766 994352039 1023020316 1023631270 1023825217 1013389323 1006811890 998962971 1017797743 1024584157 
v 1034461120 1016650905 1024010742 1031956636 1025629798 1032433079 1016988208 1015284821 1025309364 1092618098 1055366100 1030883321 1067713696 1148550750 1114376124 1085230540 1119147182 1099207145 1155419696 1123309916 
v 1117623190 1124633694 1154409424 1146110735 1117145408 1126377205 1115369376 1152654976 1116561744 1117012344 1111355434 1143324142 1047251584 1044312792 1050290725 1038542518 1049108050 1014839735 1017123132 1016381058 
v 992935492 1018303698 1007587690 1016718366 1010387314 1018337430 1010893270 1017802798 1015572520 1018576945 1009524784 1018300464 1012731970 992526377 1016438828 1013727303 1015425064 1022226488 1025684530 1016623146 
v 991494182 1019148336 1024891946 1015167016 1033557035 1017729070 1024071714 1030937698 1038372373 1017600046 1016604714 1024292902 1022023734 1032405042 1018982449 1016033323 1061597126 1149643272 1113565972 1084439066 
v 1120230378 1149772808 1147365886 1118081613 1127476909 1116361786 1158973564 1122963436 1118421021 1123770173 1144503322 1139238484 1114178287 1114956780 1109093841 1138651648 1036040734 1017729070 1042404128 1019277362 
v 1020715062 1141410873 1115652212 1116079390 1110022986 1141815599 1039021418 1017794395 1042410904 1019559628 1019853834 1012366244 1018364418 1017279536 1016635962 1010527452 1016875004 1011189416 989259864 1018548297 
v 1015826898 1016599188 1023636284 1025300394 1016213043 991470143 1019945772 1024785532 1012072038 1033620050 1018401194 1022924600 1031662649 1037945740 1015900448 1016047552 1023498372 1022005210 1030108863 1018566684 
v 1018768950 1061616086 1149618179 1113782040 1084544778 1120173870 1149187358 1147084248 1117954189 1126911046 1116151216 1159270040 1122887791 1117769842 1124330582 1078651622 1152716303 1118455364 1091249182 1124418402 
v 1103569266 1160325114 1127579096 1122508015 1129165782 1148340202 1150627031 1121338584 1122096952 1116723638 1148976022 1047295148 1023497525 1047250268 1023600109 1005243275 1003191604 1002165768 1011118585 1020584310 
v 1014144798 1019994454 1015378202 992546158 1022199996 1012606045 1022430808 1014042211 1000319266 1003909689 997265002 1022405164 1029306348 1017942788 1009682414 993982328 1022482102 1029024242 1039175936 1021533205 
v 1020609954 1027357250 1025433800 1037079401 1021122872 1019353310 1031383666 1103025243 1067404485 1016527926 1023386716 1020698070 1032075156 1019692112 1017168080 1061400795 1149559942 1113814406 1084523258 1120028426 
v 1149707376 1147074475 1117963748 1127293283 1116288254 1158998682 1123047802 1118388193 1123997874 1144299168 1139349624 1114433000 1115242748 1109284654 1140207242 1036542469 1017771654 1042404776 1020313978 1021137033 
v 1012327766 1017789942 1017168080 1018631287 1011266940 1017241240 1012400926 992733871 1018503258 1013534914 1013790978 1023883136 1024697056 1016802277 989953767 1019271442 1025483540 1012364347 1033602364 1018119164 
v 1022252728 1031491895 1038947592 1005435665 996130592 1023880742 1028208508 1018928880 1009292856 997352546 1023511613 1028577639 1039091876 1020456326 1018877964 1026871990 1025726407 1036807096 1020812729 1018801594 
v 1032072058 1103950319 1066476130 1038652783 1078000454 1152777858 1118563434 1091500409 1124616284 1103669562 1160241251 1127656409 1122577951 1129035433 1148887212 1150530022 1121211344 1121963582 1116644629 1148654019 
v 1047404147 1021550996 1047146388 1024148046 1006555790 1003602733 1001056994 1011584019 1020303582 1015212098 1020354498 1013926096 995926933 1022442006 1012296826 1021474623 1015746704 1017305318 1009695963 1016661589 
v 1011898196 987985962 1018016809 1012846850 1017525542 1022014708 1024440363 1015729875 992037860 1019016284 1024279428 1014642516 1033273677 1017440840 1024338720 1032020116 1037271517 1016797111 1015509652 1022658438 
v 1021099934 1033447312 1020574786 1016712410 1060520032 1148645096 1112392076 1083582938 1119280265 1148893468 1146179294 1117193555 1126515930 1115561251 1159229360 1123324152 1117673318 1124668706 1143507811 1145302176 
v 1116559060 1117070776 1111380354 1143215483 1042407552 1017000394 1042020050 1019219566 1019321208 1011423868 1017508602 1121331932 1116254122 1147204742 1046349478 1021893827 1046868033 1023808506 1009004899 1003130438 
v 1002426478 1010111124 1021944114 1014536020 1021441283 1014737153 985950959 1021667554 1012021875 1020284775 1015809594 1002426478 1007496412 995144095 1023100616 1028547654 1017996904 1013228664 998705541 1023276610 
v 1029226466 1039670323 1020913308 1019228833 1027139732 1025367268 1036219688 1021013879 1018449450 1038608136 1119313478 1081463782 1052036874 1091179014 1152760810 1126915404 1096607898 1124763232 1105189203 1160522294 
v 1127364492 1122507708 1128640992 1148843966 1150204286 1117173972 1126426192 1115550874 1159177480 1123436154 1117669440 1124691846 1143497860 1145277176 1116557454 1117082152 1111418084 1143268022 1042482307 1017034934 
v 1042022782 1018746012 1020253797 1010001628 1017983654 1016797758 1017966712 1009832215 1016509756 1011526345 990276630 1018390244 1012881650 1018119182 1023083010 1024652736 1015984570 991360875 1018593542 1024186842 
v 1015069736 1032948168 1016679168 1023932720 1031991001 1037382476 1015798214 1015374682 1023432948 1020457092 1033693572 1020982277 1017644826 1060444090 1148643698 1112404766 1083604478 1119206350 1148870987 1025747760 
v 1036731862 1022371506 1018239181 1032031947 1101845670 1063629826 1035564832 1077056264 1152926549 1118530644 1091224448 1124629191 1103633632 1160262496 1127700114 1122731840 1129184120 1148987837 1150426129 1121109686 
v 1121848948 1116560590 1148474074 1047055806 1023136756 1046893192 1024000446 1006713072 1002915940 1003120005 1010488284 1021580754 1015484302 1020101278 1013651300 992894806 1022779636 1011712676 1021861340 1016045482 
v 999752924 1005058626 994323266 1023009208 1029803566 1018213678 1009672022 992894807 1021147114 1028872520 1039053120 1020968558 1018647314 1024126964 1015357190 1033100042 1017135916 1024287898 1031952354 1037330807 
v 1016559948 1015967039 1023065006 1020456205 1033633652 1021320158 1017068155 1060483501 1148652998 1112505105 1083488301 1119225915 1148864237 1146238088 1117186310 1126464062 1115559133 1159212734 1123347772 1117678324 
v 1124736896 1143633686 1145250138 1116565472 1117069772 1111366322 1143300317 1042195802 1017813526 1042121690 1019100985 1019592252 1010983422 1017220617 1016221142 1017118976 1010000888 1016678530 1011796554 991089206 
v 1018677478 1012270881 1017254498 1023584870 1024736822 1015848457 990411595 1019708966 1045296552 1023084181 1022682932 1015531248 1021030730 1019048083 1004206288 1003923054 1001846002 999768949 994307097 1021455583 
v 1016215732 1019284114 1026162122 1027708099 1015908894 993362981 1008487999 1009715349 1004678346 1036610088 1019449332 1027188837 1035247015 1032680192 1001185120 1006472163 1007213442 1005528049 1037731228 1024627944 
v 1020865508 1064855386 1151857678 1116447034 1087008966 1123426613 1133079882 1149813731 1120063212 1123636832 1116329060 1160321838 1119247091 1103830923 1124701776 1129031648 1149852090 1120206966 1120901678 1115996688 
v 1147604847 0
k=20 n=2
c 
c Mallob -- a parallel and distributed platform for job scheduling, load balancing, and SAT solving
c Designed by P. Sanders and D. Schreiber 2018-2022
c Developed by D. Schreiber 2019-2022
c 
c 8.196 0                            loaded
c 22.846 0                            first iteration finished
c 181.430 0                            Got Result after iter 22
s SATISFIABLE
v 1113063424 1160099694 1120431272 1104098072 1124631755 1129330863 1150008540 1120000650 1120693299 1115868154 1147295410 1045805802 1018737392 1045303366 1022872870 1021060692 1014135804 1021943548 1019411151 990202787 
v 1002215760 1002029902 1000821773 994663546 1022129413 1016112068 1020549568 1025848166 1028705824 1017064619 992804898 1013252946 1010650834 1001193501 1036467330 1019387915 1027369926 1035044247 1034806100 1010790234 
v 998405530 990016923 998498464 1037083031 1024024374 1020851595 1064978471 1151951048 1116645098 1087091290 1123427004 1131782418 1149964228 1120360698 1123282819 1032173470 1103490302 1066006492 1039507932 1077700520 
v 1152781061 1118625480 1091451820 1124500131 1103617728 1160305066 1127567888 1122628339 1129156240 1148457278 1150467201 1121225392 1121965978 1116615018 1148585309 1047502623 1022559237 1047048609 1023772134 1006779016 
v 1005705831 1004689799 1011147957 1021314604 1014246862 1020222373 1014653272 998288802 1021187600 1013535639 1021898822 1015929652 998796818 1005807434 997317222 1022533839 1027988693 1018393526 1008607874 997926838 
v 1022737044 1029296848 1039501654 1020120772 1019790563 1027480673 1025956613 1036866305 1021238400 1019433016 1027033012 1034873140 1032467339 1005581526 1007250102 1008484396 1007752966 1037073222 1023981604 1021490169 
v 1064569476 1151735546 1116543864 1086910184 1123220244 1134305023 1149794196 1119997482 1123878068 1116530058 1160179540 1120384849 1105965942 1124753122 1132762498 1149892756 1119783104 1120465437 1115723608 1146966469 
v 1045679143 1019090158 1045030546 1022221602 1021353028 1015753002 1021261600 1019113016 990244316 1002838657 1006884387 1000644360 992255752 1021124452 1016233004 1018907306 1025284451 1027821578 1017330152 994084330 
v 1013055848 1011821553 1002655796 1017142268 1015937304 1017788226 1000240862 1018111206 1003917886 1022508678 1024071232 1019726094 1008877908 1014045613 1019303732 1020210556 1030928444 1016682646 1013200894 1025127144 
v 1026915983 1031667584 1013573560 1021080118 1027145796 1024797938 1030456391 1016769597 1057221643 1144310185 1108870208 1079905716 1116030217 1094662096 1151491318 1119087952 1114114376 1120499750 1140749024 1151494308 
v 1118996390 1114416830 1120598496 1150884330 1142478402 1113798008 1123124534 1111354389 1149921700 1113123710 1113280824 1109011417 1140071688 1083890508 1080115195 1080599967 1074418789 1108785155 1146646496 1109941980 
v 1110398182 1105527118 1136322129 1063895362 1060407108 1062328319 1056319948 1070732481 1028744598 1028937310 1028409906 1030240635 1018489789 1007372736 1011876116 1016329382 1024002942 1029571158 1017434942 1022100608 
v 1025737312 1020832764 1027060890 1012809249 1017982652 1025879290 1032868200 1015396250 1020122772 1055048935 1142127518 1106802864 1077199608 1113125567 1092530809 1149521749 1116975326 1111320615 1118181240 1148804317 
v 1140791592 1110834701 1120099946 1109003168 1152777963 1116961186 1111449470 1118149010 1148543262 1140496756 1110732119 1124539566 1104151097 1160442696 1127541366 1122515214 1128983636 1148190845 1150410818 1121107621 
v 1121869100 1116587130 1148586344 1047035440 1022427790 1047215227 1023461454 1007176215 1004590798 1007176214 1011213214 1023260420 1015867604 1019702789 1015135892 989630239 1021166216 1013181250 1022680104 1015312511 
v 999847322 1007428527 992972594 1022024086 1028078730 1018012280 1014341886 999241774 1022478252 1028936583 1038586678 1021998854 1020131724 1026590102 1025593476 1036309581 1021998854 1018062743 1033124189 1110191482 
v 1075586275 1049019918 1083789230 1152689286 1119650584 1106781084 1077226848 1112838206 1092270974 1149509421 1116956091 1111289662 1118102512 1148694994 1140559783 1110816984 1120161672 1109132194 1152747128 1116975602 
v 1111412878 1118154816 1148560501 1140418684 1110755040 1120019568 1108740226 1146634158 1110066170 1110462109 1105690792 1136528434 1069439408 1063686192 1065443375 1058815845 1074522350 1012824284 1011449202 1019200852 
v 1019736735 1019322184 1008355278 1011954745 1016491094 1023959640 1029687520 1018250419 1021435376 1025410564 1020373714 1026714890 1012500732 1018402076 1025739176 1032729966 1014644234 1020272616 1055316344 1019134411 
v 1008674983 995783694 1022355658 1028571128 1038634169 1020361554 1019159978 1026462018 1025810114 1036672058 1022381224 1020105900 1030820856 1097329418 1058403460 1032262150 1073238212 1152795314 1118552015 1090613866 
v 1124473959 1103258534 1160253848 1127594451 1122620097 1129154571 1148396526 1150511153 1121292912 1122066446 1116711527 1148699127 1047323408 1022739140 1047262694 1023879960 1006319778 1004683602 1001411248 1009799858 
v 1021000688 1015248464 1020949556 1014452746 992715862 1021281910 1012509783 1022764704 1014350488 999570550 1007805768 994352038 1023020358 1023631281 1023825230 1013389339 1006811892 998962966 1017797752 1024584181 
v 1034461151 1016650916 1024010758 1031956696 1025629838 1032433136 1016988220 1015284832 1025309398 1092618162 1055366069 1030883361 1067713648 1148550764 1114376104 1085230526 1119147128 1099207297 1155419750 1123309908 
v 1117623212 1124633357 1154409486 1146110758 1117145374 1126377212 1115369270 1152654966 1116561474 1117012324 1111355039 1143324150 1047251828 1044312805 1050290667 1038542511 1049108028 1014839759 1017123142 1016381072 
v 992935490 1018303710 1007587695 1016718376 1010387326 1018337442 1010893280 1017802818 1015572540 1018576958 1009524790 1018300482 1012731990 992526376 1016438844 1013727328 1015425078 1022226505 1025684498 1016623160 
v 991494182 1019148356 1024891924 1015167030 1033556948 1017729084 1024071711 1030937562 1038372260 1017600060 1016604733 1024292892 1022023752 1032404962 1018982466 1016033333 1061597652 1149643280 1113565956 1084439048 
v 1120230344 1149772814 1147365894 1118081569 1127476892 1116361704 1158973587 1122963372 1118421006 1123770164 1144503316 1139238324 1114178293 1114956762 1109093831 1138651630 1036040635 1017729082 1042404016 1019277378 
v 1020715080 1141410738 1115652226 1116079392 1110022992 1141815595 1039021542 1017794368 1042410917 1019559593 1019853796 1012366230 1018364390 1017279514 1016635942 1010527439 1016874983 1011189404 989259863 1018548267 
v 1015826884 1016599169 1023636253 1025300361 1016213026 991470143 1019945734 1024785499 1012072026 1033620072 1018401165 1022924547 1031662604 1037945824 1015900434 1016047536 1023498342 1022005160 1030108814 1018566654 
v 1018768919 1061616198 1149618188 1113782046 1084544817 1120173951 1149187348 1147084197 1117954396 1126911054 1116151314 1159270028 1122887727 1117769968 1124330544 1078651503 1152716307 1118455406 1091249160 1124418420 
v 1103569176 1160325092 1127579119 1122508112 1129165851 1148340198 1150627270 1121338540 1122097344 1116723630 1148976035 1047295359 1023497549 1047250493 1023600130 1005243270 1003191600 1002165766 1011118578 1020584338 
v 1014144790 1019994482 1015378204 992546160 1022200039 1012606038 1022430851 1014042207 1000319266 1003909683 997265003 1022405205 1029306374 1017942800 1009682411 993982328 1022482137 1029024260 1039176038 1021533240 
v 1020609984 1027357266 1025433814 1037079476 1021122899 1019353328 1031383664 1103025234 1067404492 1016527936 1023386677 1020698048 1032075088 1019692096 1017168084 1061400778 1149559957 1113814430 1084523257 1120028720 
v 1149707368 1147074462 1117963749 1127293324 1116288499 1158998656 1123047853 1118388182 1123997982 1144299143 1139349502 1114433014 1115242870 1109284688 1140207233 1036542659 1017771654 1042404920 1020313959 1021137010 
v 1012327789 1017789942 1017168084 1018631282 1011266960 1017241244 1012400951 992733872 1018503252 1013534948 1013791010 1023883110 1024697011 1016802284 989953768 1019271430 1025483482 1012364370 1033602386 1018119160 
v 1022252694 1031491736 1038947922 1005435660 996130588 1023880754 1028208534 1018928895 1009292854 997352542 1023511626 1028577664 1039092130 1020456340 1018877980 1026872011 1025726426 1036807280 1020812751 1018801603 
v 1032072076 1103950344 1066476118 1038652796 1078000362 1152777834 1118563406 1091500368 1124616286 1103669170 1160241244 1127656446 1122577920 1129035384 1148887256 1150530286 1121211296 1121963099 1116644602 1148654038 
v 1047403880 1021551011 1047146141 1024148059 1006555784 1003602728 1001056992 1011584018 1020303597 1015212096 1020354510 1013926096 995926930 1022442022 1012296824 1021474638 1015746704 1017305352 1009695962 1016661613 
v 1011898194 987985956 1018016853 1012846848 1017525578 1022014811 1024440394 1015729886 992037856 1019016342 1024279464 1014642518 1033273584 1017440876 1024338754 1032020024 1037271424 1016797137 1015509659 1022658550 
v 1021100024 1033447219 1020574868 1016712434 1060520606 1148645106 1112392082 1083582924 1119280522 1148893444 1146179283 1117193574 1126515950 1115561746 1159229376 1123323738 1117673315 1124668510 1143507794 1145302174 
v 1116559077 1117070836 1111380430 1143215494 1042407506 1017000423 1042020004 1019219628 1019321272 1011423868 1017508638 1121331614 1116254140 1147204768 1046349462 1021893838 1046868009 1023808517 1009004902 1003130441 
v 1002426481 1010111130 1021944126 1014536032 1021441293 1014737162 985950959 1021667562 1012021880 1020284786 1015809597 1002426478 1007496414 995144092 1023100632 1028547679 1017996916 1013228674 998705538 1023276618 
v 1029226512 1039670276 1020913316 1019228842 1027139766 1025367294 1036219672 1021013886 1018449459 1038608130 1119313441 1081463798 1052036875 1091179238 1152760812 1126915412 1096607882 1124763176 1105188691 1160522324 
v 1127364499 1122507615 1128640960 1148843968 1150204541 1117174010 1126426161 1115551372 1159177487 1123435754 1117669454 1124691599 1143497842 1145277171 1116557486 1117082239 1111418154 1143268029 1042482364 1017034942 
v 1042022866 1018746034 1020253827 1010001630 1017983666 1016797761 1017966724 1009832217 1016509756 1011526342 990276632 1018390262 1012881642 1018119198 1023083043 1024652724 1015984569 991360876 1018593560 1024186847 
v 1015069731 1032948126 1016679170 1023932732 1031990903 1037382694 1015798212 1015374677 1023432968 1020457125 1033693574 1020982312 1017644836 1060444350 1148643712 1112404794 1083604529 1119206580 1148870958 1025747762 
v 1036731762 1022371539 1018239204 1032031921 1101845728 1063629802 1035564828 1077056443 1152926535 1118530630 1091224427 1124629169 1103633966 1160262480 1127700106 1122731746 1129184124 1148987830 1150426403 1121109609 
v 1121848449 1116560586 1148474085 1047055771 1023136786 1046893156 1024000457 1006713078 1002915944 1003120010 1010488298 1021580783 1015484314 1020101306 1013651320 992894804 1022779670 1011712692 1021861374 1016045496 
v 999752923 1005058636 994323262 1023009241 1029803524 1018213696 1009672034 992894804 1021147144 1028872489 1039052992 1020968586 1018647336 1024127004 1015357194 1033099949 1017135947 1024287934 1031952264 1037330714 
v 1016559970 1015967052 1023065118 1020456285 1033633559 1021320250 1017068185 1060484082 1148652980 1112505096 1083488297 1119226184 1148864213 1146238102 1117186325 1126464062 1115559652 1159212726 1123347343 1117678329 
v 1124736682 1143633706 1145250138 1116565480 1117069839 1111366374 1143300329 1042195756 1017813567 1042121644 1019101045 1019592320 1010983421 1017220650 1016221160 1017119006 1010000886 1016678554 1011796553 991089202 
v 1018677532 1012270880 1017254530 1023584924 1024736844 1015848469 990411592 1019708958 1045296828 1023084174 1022682923 1015531246 1021030721 1019048079 1004206286 1003923051 1001846002 999768952 994307102 1021455572 
v 1016215731 1019284106 1026162165 1027708166 1015908892 993362986 1008487998 1009715344 1004678342 1036610092 1019449328 1027188899 1035247030 1032680248 1001185122 1006472156 1007213442 1005528048 1037731209 1024627960 
v 1020865500 1064855268 1151857684 1116447038 1087008857 1123426592 1133079860 1149813716 1120063233 1123636822 1116329020 1160321858 1119247124 1103830936 1124701800 1129031674 1149852026 1120206950 1120901665 1115996690 
v 1147604844 0
k=20 n=1
c 
c Mallob -- a parallel and distributed platform for job scheduling, load balancing, and SAT solving
c Designed by P. Sanders and D. Schreiber 2018-2022
c Developed by D. Schreiber 2019-2022
c 
c 7.898 0                            loaded
c 22.592 0                            first iteration finished
c 346.824 0                            Got Result after iter 23
s SATISFIABLE
v 1113063424 1160084238 1120499974 1103918998 1124632688 1128989037 1150038229 1120022170 1120715898 1115882688 1147320515 1045828913 1018757841 1045325656 1022900257 1021085041 1014162720 1021969377 1019432729 990217554 
v 1002236671 1001771221 1000840321 994685850 1022155553 1016128105 1020573057 1025866405 1028728861 1016989169 993010239 1013045640 1010439120 1001026501 1036489083 1019409457 1027390721 1035063673 1034749501 1010811480 
v 998419981 989834647 998037072 1037105791 1024039553 1020875593 1065007290 1151969774 1116660879 1087113811 1123453916 1131418005 1149983727 1120386171 1123235511 1032173357 1103490395 1066006521 1039507895 1077700482 
v 1152781081 1118625362 1091451872 1124499893 1103618649 1160305083 1127567909 1122628244 1129155930 1148457356 1150467026 1121225399 1121965789 1116614943 1148585308 1047502412 1022559346 1047048387 1023772178 1006779007 
v 1005705815 1004689785 1011147979 1021314697 1014246901 1020222454 1014653317 998288796 1021187692 1013535673 1021898920 1015929685 998796811 1005807418 997317209 1022533945 1027988578 1018393582 1008607879 997926827 
v 1022737153 1029296678 1039501231 1020120850 1019790637 1027480578 1025956578 1036865981 1021238494 1019455442 1027075557 1034913890 1032390490 1005178506 1007052650 1008153698 1007465543 1037127600 1024001865 1021542800 
v 1064629049 1151774823 1116576708 1086959281 1123276657 1133943576 1149829391 1120040161 1123773650 1116554418 1160159550 1120399128 1105601107 1124752929 1132416079 1149939382 1119827200 1120511788 1115753343 1147017919 
v 1045727785 1019134310 1045071242 1022276816 1021428110 1015785362 1021313420 1019157248 989908433 1002701175 1006639757 1000866115 992294011 1021175792 1016267060 1018950806 1025320800 1027878387 1017345146 994129071 
v 1012879029 1011777981 1002334163 1017223727 1015957295 1017894191 1000334653 1018117679 1003960052 1022500527 1024066583 1019719343 1008872287 1014037343 1019297199 1020203567 1030932631 1016677423 1013193055 1025128151 
v 1026909847 1031658967 1013565535 1021072687 1027139543 1024799127 1030454615 1016764335 1057217138 1144303711 1108864696 1079898253 1116025631 1094653369 1151485549 1119081601 1114105938 1120492705 1140745023 1151488254 
v 1118990129 1114411534 1120591808 1150879827 1142472948 1113792268 1123116973 1111351878 1149927628 1113134618 1113276362 1109035332 1140068926 1084322123 1080508716 1081004872 1074669064 1108785165 1146642770 1109935512 
v 1110391776 1105520167 1136299168 1063895658 1060408024 1062329995 1056322057 1070734105 1028746394 1028939130 1028411644 1030242636 1018491295 1007373951 1011877887 1016330623 1024004079 1029573135 1017436319 1022102559 
v 1025738703 1020834559 1027062495 1012811135 1017984095 1025880719 1032866919 1015397375 1020114335 1055050887 1142128826 1106804922 1077200263 1113127463 1092532710 1149522598 1116976466 1111322043 1118182002 1148806313 
v 1140795053 1110836121 1120100852 1109004554 1152779539 1116962048 1111450942 1118149410 1148539082 1140499441 1110732826 1124539529 1104151645 1160442665 1127541398 1122515237 1128983496 1148190698 1150410639 1121107694 
v 1121868903 1116587128 1148586300 1047035690 1022427691 1047215468 1023461402 1007176221 1004590796 1007176221 1011213261 1023260314 1015867631 1019702743 1015135932 989630236 1021166141 1013181318 1022680001 1015312549 
v 999847321 1007428536 992972590 1022023995 1028078858 1018012266 1014341967 999241771 1022478153 1028936746 1038587089 1021998764 1020131670 1026590170 1025593506 1036309901 1021998764 1018062728 1033124315 1110191430 
v 1075586240 1049019916 1083788644 1152689283 1119650558 1106783977 1077228207 1112840508 1092274114 1149510612 1116957756 1111292246 1118103789 1148697562 1140563719 1110819369 1120163004 1109134479 1152749174 1116977005 
v 1111415394 1118155586 1148555566 1140422080 1110756963 1120013199 1108740590 1146631458 1110059248 1110454942 1105679781 1136505079 1069396961 1063618567 1065413366 1058783442 1074478936 1012806517 1011451442 1019203087 
v 1019739076 1019324443 1008357017 1011957067 1016492803 1023961240 1029689688 1018232239 1021438060 1025412312 1020376195 1026716760 1012503142 1018394047 1025740952 1032731244 1014646992 1020254839 1055318322 1019134369 
v 1008674995 995783681 1022355559 1028571282 1038634061 1020361489 1019159934 1026462087 1025810154 1036672024 1022381124 1020105839 1030821060 1097329455 1058403471 1032262165 1073237988 1152795326 1118551954 1090613971 
v 1124473824 1103259079 1160253858 1127594466 1122619828 1129154262 1148396514 1150510951 1121292951 1122065692 1116711338 1148699137 1047323901 1022739034 1047263177 1023879921 1006319768 1004683592 1001411240 1009799877 
v 1021000614 1015248489 1020949484 1014452798 992715851 1021281829 1012509820 1022764599 1014350536 999570542 1007805768 994352027 1023020249 1023634076 1023828081 1013394063 1006747086 998965818 1017784443 1024578796 
v 1034456310 1016654086 1024013651 1031959254 1025633171 1032440106 1016991506 1015270664 1025160800 1091603805 1054609477 1030137540 1067041348 1148555892 1114158508 1085074521 1119140880 1099184836 1155407041 1123314828 
v 1117626449 1124636063 1154413752 1146115963 1117148481 1126380564 1115374498 1152659295 1116565610 1117015401 1111360144 1143327599 1047257037 1044732241 1050527861 1039255968 1049654924 1014844926 1017126474 1016384150 
v 993074048 1018307444 1007590611 1016721570 1010391114 1018341186 1010930970 1017803963 1015573449 1018578191 1009525958 1018301681 1012733474 992527529 1016439847 1013728910 1015425977 1022228123 1025685636 1016605753 
v 991495225 1019149645 1024892974 1015167901 1033557902 1017730227 1024072661 1030930109 1038373262 1017601189 1016605753 1024293869 1022025349 1032405902 1018983739 1016034299 1061597479 1149644245 1113566698 1084439433 
v 1120232331 1149773168 1147367483 1118082903 1127478387 1116362209 1158973719 1122965654 1118421306 1123770904 1144504524 1139231973 1114174784 1114953176 1109091761 1138646373 1036032398 1017730227 1042404551 1019278683 
v 1020698101 1141509714 1115705199 1116118564 1110073357 1141879816 1039159516 1017784537 1042428766 1019548249 1019842201 1012353666 1018354069 1017270121 1016590357 1010516516 1016865937 1011141147 989245459 1018537789 
v 1015818733 1016645473 1023628736 1025282216 1016204545 991461238 1019934061 1024749428 1012059722 1033624951 1018390813 1023002185 1031703230 1037919406 1015892221 1016039197 1023454202 1021973353 1030215098 1018592905 
v 1018794997 1061603740 1149610474 1113768822 1084535186 1120161542 1149141420 1147069632 1117943141 1126890389 1116139699 1159279123 1122891802 1117744099 1124346049 1078651458 1152716273 1118455432 1091249219 1124418453 
v 1103568739 1160325063 1127579137 1122508079 1129165969 1148340118 1150627003 1121338469 1122096725 1116723652 1148976003 1047295606 1023497566 1047250722 1023600150 1005243304 1003191624 1002165784 1011118624 1020584374 
v 1014144852 1019994516 1015378236 992546155 1022200072 1012606092 1022430886 1014042268 1000319272 1003909712 997264996 1022405240 1029306385 1017942836 1009682448 993982324 1022482178 1029024279 1039175477 1021533276 
v 1020610020 1027357289 1025433839 1037079080 1021122940 1019353366 1031383709 1103025226 1067404486 1016511947 1023328845 1020649476 1032140686 1019792807 1017241027 1061361512 1149529891 1113762726 1084486050 1119983842 
v 1149676684 1147022594 1117926593 1127252759 1116257173 1159008677 1123059445 1118355182 1124076716 1144260846 1139700242 1114571018 1115391078 1109382795 1140508379 1036811611 1017733156 1042445368 1020266709 1021086924 
v 1012279049 1017751383 1017168119 1018589825 1011185429 1017204573 1012351957 992694863 1018498690 1013554939 1014101749 1023852502 1024663559 1016767125 989924378 1019227770 1025447277 1012315503 1033571584 1018079469 
v 1022289906 1031470970 1038912388 1005434938 996129884 1023880273 1028207793 1018928242 1009292323 997351778 1023511161 1028576905 1039091081 1020455602 1018877330 1026871353 1025725833 1036806405 1020811986 1018800962 
v 1032071597 1103949763 1066475716 1038652055 1078001127 1152778421 1118563109 1091500927 1124616573 1103672079 1160240826 1127656453 1122578502 1129035078 1148886915 1150529602 1121210542 1121962083 1116644108 1148653250 
v 1047403317 1021550210 1047145575 1024147561 1006555013 1003602088 1001056463 1011583363 1020302866 1015211666 1020353778 1013925315 995926235 1022441170 1012296131 1021473842 1015746242 1017305346 1009696007 1016661626 
v 1011898272 987985952 1018016826 1012846940 1017525566 1022014666 1024440301 1015729926 992037854 1019016286 1024279371 1014642633 1033273538 1017440866 1024338661 1032019978 1037271378 1016797146 1015509706 1022658386 
v 1021099906 1033447173 1020574766 1016712446 1060520410 1148645392 1112392036 1083582841 1119279958 1148893545 1146179429 1117193527 1126515941 1115562286 1159229342 1123323494 1117673240 1124668373 1143507889 1145302990 
v 1116559002 1117070433 1111380349 1143215490 1042408007 1017000426 1042020413 1019219566 1019321206 1011423938 1017508626 1121330742 1116253650 1147204054 1046349555 1021893067 1046868150 1023808062 1009004407 1003129805 
v 1002425878 1010110589 1021943347 1014535317 1021440547 1014736441 985950360 1021666807 1012021267 1020284107 1015809187 1002425878 1007495977 995143449 1023099787 1028546952 1017996367 1013228011 998705121 1023275767 
v 1029225732 1039675788 1020912607 1019228227 1027139112 1025366742 1036219038 1021013167 1018448887 1038619940 1119330609 1081469868 1052052050 1091190040 1152760244 1126925154 1096617969 1124763306 1105192027 1160522498 
v 1127363867 1122506992 1128640318 1148843325 1150204019 1117173960 1126426125 1115551986 1159177475 1123435467 1117669357 1124691538 1143497972 1145277974 1116557467 1117081860 1111418114 1143268053 1042482509 1017034932 
v 1042022903 1018745973 1020253722 1010001654 1017983628 1016797758 1017966687 1009832239 1016509761 1011526389 990276627 1018390212 1012881709 1018119156 1023082869 1024652699 1015984590 991360875 1018593504 1024186794 
v 1015069776 1032948188 1016679171 1023932664 1031991078 1037382233 1015798239 1015374714 1023432875 1020457014 1033693548 1020982185 1017644808 1060444112 1148643991 1112404742 1083604488 1119205965 1148871037 1025747702 
v 1036731739 1022371435 1018239139 1032031895 1101845747 1063629807 1035564814 1077056756 1152926521 1118530597 1091224424 1124629157 1103634387 1160262464 1127700133 1122731851 1129184026 1148987806 1150426222 1121109565 
v 1121848166 1116560534 1148474090 1047056839 1023136675 1046894200 1024000404 1006713085 1002915958 1003120024 1010488269 1021580687 1015484275 1020101223 1013651261 992894812 1022779563 1011712653 1021861275 1016045451 
v 999752935 1005058651 994323274 1023009135 1029803474 1018213631 1009672013 992894812 1021147051 1028872432 1039052967 1020968495 1018647267 1024126911 1015357246 1033099903 1017135946 1024287841 1031952218 1037330668 
v 1016559986 1015967086 1023064946 1020456186 1033633513 1021320126 1017068186 1060483886 1148653238 1112505046 1083488216 1119225555 1148864282 1146238214 1117186243 1126464015 1115560226 1159212743 1123347105 1117678246 
v 1124736587 1143633820 1145250994 1116565400 1117069426 1111366292 1143300308 1042196207 1017813546 1042122077 1019100986 1019592246 1010983485 1017220646 1016221186 1017119006 1010000936 1016678566 1011796629 991089200 
v 1018677486 1012270963 1017254526 1023584831 1024736751 1015848506 990411590 1019710127 1045298276 1023085642 1022684357 1015532042 1021032007 1019049187 1004207573 1003924313 1001847073 999769833 994308235 1021456897 
v 1016216587 1019285237 1026163010 1027709072 1015909722 993364035 1008488916 1009763586 1004679673 1036610890 1019426867 1027189784 1035247759 1032674923 1001186133 1006473653 1007214246 1005435033 1037732080 1024628750 
v 1020866772 1064854048 1151856961 1116447194 1087006905 1123425171 1133084775 1149812929 1120061844 1123636868 1116328931 1160323346 1119242902 1103833459 1124702871 1129038346 1149850546 1120208145 1120902950 1115997486 
v 1147606187 0
