k=5 n=64
c 
c Mallob -- a parallel and distributed platform for job scheduling, load balancing, and SAT solving
c Designed by P. Sanders and D. Schreiber 2018-2022
c Developed by D. Schreiber 2019-2022
c 
c 8.332 13                            loaded
c 12.317 13                            first iteration finished
c 25.670 13                            Got Result after iter 44
s SATISFIABLE
v 1113063424 1147992255 1147865189 1136055128 1121055500 1134730068 1147401116 1141830986 1113337432 1117475862 1132757028 1141160815 1104158806 1104881116 1099685024 1131599076 1032482170 1016868827 1032488376 1017756474 
v 1012161159 1017508180 1014457867 1014557184 1013948867 1015099742 1011726646 1016670193 1020400791 1021319474 1014234403 1017328169 1021015314 1020909790 1027240672 1025297781 1017427485 1024736019 1031819538 1028100385 
v 1025229500 1023444897 1033988997 1114109568 1102273610 1066155318 1084813014 1135832542 1138980348 1110594962 1109433620 1137236376 1144876874 1144469145 1121253778 1066184833 1056578402 1075722714 1035011972 1047990242 
v 1012907178 1015633068 1018843950 1018934313 1017340920 1015783672 1018000566 1016840914 1024008122 1022139172 1022229534 1020142159 1025193378 1025365066 1024839457 1024738554 1022081942 1064079006 1080759008 1057556056 
v 1046687895 1127135680 1127805812 1128088220 1104471894 1128488527 1135386745 1135499307 1136100106 1115439447 1139569168 1139831125 1139550952 1136349655 1135741312 1139606110 1139829270 1139132184 1136126386 1134780580 
v 1139665166 1134474468 1132550072 1133908380 1124722379 1133169118 1120137571 1122112230 1093651478 1017219796 1017753850 1019083750 1009972597 1019858652 1025189538 1022706941 1028132072 1011794664 1018382150 1025487980 
v 1031184557 1029802300 1017397814 1025194774 1033350388 1106084908 1068158146 1040057478 1076732954 1141784756 1114881149 1083966814 1113236597 1141547024 1150412314 1117138240 1119821892 1119206520 1153061452 1141567562 
v 1118751979 1123997589 1137964121 1153171511 1117232128 1111757598 1118522336 1137879524 1139910224 1110378146 1110979740 1105872059 1137507192 1037112328 1018801015 1036942164 1018151772 1016120273 1016717156 1017062721 
v 1011187308 1013553901 1009302412 1090035309 1062600786 1126197486 1092849132 1132747082 1107169730 1126256503 1133636818 1132811336 1133802480 1128058180 1137122233 1134044204 1137464678 1134458817 1137713054 1137458268 
v 1137663590 1137640186 1137632037 1133189406 1137139950 1137590578 1137186231 1133311894 1124374568 1132215511 1131120912 1131113134 1107616978 1122625952 1120966764 1119377260 1085629277 1038102020 1040288320 1020885410 
v 1016140486 1016095032 1015872811 1015696044 1019857637 1017963709 1017466236 1023705866 1019774304 1022819743 1020360160 1023549300 1022890448 1023597280 1023550562 1024580860 1041120390 1118929910 1123906925 1138250156 
v 1152869313 1117056432 1111473880 1118190069 1137418720 1139570560 1110107297 1110742379 1105648218 1137141125 1036913383 1017931302 1036636814 1019703388 1017050379 1016640648 1016988919 1012154730 1014244358 1009880722 
v 1011990838 1016937702 1018750764 1018996602 1009573422 1020410176 1025398012 1023042700 1028680984 1011458186 1018330788 1025305824 1031842958 1029454352 1017757165 1025495325 1033392255 1105869118 1067744864 1040522220 
v 1075787924 1141851928 1114728778 1083948696 1113276511 1142064218 1150315268 1117072692 1120118216 1119255186 1152910564 0
k=5 n=32
c 
c Mallob -- a parallel and distributed platform for job scheduling, load balancing, and SAT solving
c Designed by P. Sanders and D. Schreiber 2018-2022
c Developed by D. Schreiber 2019-2022
c 
c 8.513 9                            loaded
c 12.452 9                            first iteration finished
c 27.073 9                            Got Result after iter 44
s SATISFIABLE
v 1113063424 1147992246 1147865182 1136055122 1121055492 1134730042 1147401114 1141830984 1113337440 1117475860 1132757016 1141160813 1104158812 1104881121 1099685031 1131599070 1032482166 1016868828 1032488374 1017756474 
v 1012161158 1017508182 1014457867 1014557184 1013948867 1015099742 1011726647 1016670194 1020400792 1021319474 1014234404 1017328170 1021015316 1020909793 1027240670 1025297781 1017427486 1024736020 1031819537 1028100384 
v 1025229502 1023444898 1033988992 1114109570 1102273614 1066155316 1084813014 1135832521 1138980344 1110594962 1109433628 1137236352 1144876863 1144469143 1121253777 1066184832 1056578402 1075722712 1035011976 1047990241 
v 1012907178 1015633068 1018843947 1018934309 1017340918 1015783670 1018000562 1016840912 1024008118 1022139164 1022229526 1020142152 1025193375 1025365064 1024839454 1024738550 1022081933 1064079012 1080759025 1057556057 
v 1046687888 1127135712 1127805846 1128088240 1104471887 1128488561 1135386764 1135499328 1136100110 1115439435 1139569186 1139831150 1139550978 1136349680 1135741338 1139606138 1139829288 1139132212 1136126401 1134780603 
v 1139665173 1134474480 1132550092 1133908394 1124722400 1133169136 1120137596 1122112260 1093651482 1017219590 1017753634 1019083506 1009972369 1019858394 1025189339 1022706626 1028131815 1011794400 1018381920 1025487776 
v 1031189476 1029802010 1017397604 1025194576 1033350194 1106084602 1068157928 1040057154 1076732818 1141785412 1114881116 1083967145 1113236628 1141546843 1150412290 1117138630 1119822196 1119206588 1153061299 1141567379 
v 1118751758 1123997265 1137963843 1153171264 1117231937 1111757348 1118522118 1137879255 1139909910 1110377924 1110979506 1105871770 1137506930 1037112068 1018800778 1036941909 1018151548 1016120089 1016716961 1017062518 
v 1011187056 1013553604 1009302197 1090035386 1062600853 1126197547 1092849188 1132747128 1107169820 1126256576 1133636879 1132811398 1133802546 1128058268 1137122309 1134044272 1137464753 1134458882 1137713134 1137458347 
v 1137663669 1137640269 1137632108 1133189067 1137140016 1137590658 1137186286 1133311941 1124374320 1132215529 1131120940 1131113192 1107616354 1122626054 1120966870 1119377336 1085629340 1038102092 1040288362 1020885483 
v 1016140530 1016095076 1015872855 1015696088 1019857700 1017961236 1017466289 1023705906 1019774368 1022819818 1020360226 1023549342 1022890526 1023597321 1023550604 1024580908 1041120439 1118929909 1123906927 1138250152 
v 1152869313 1117056432 1111473878 1118190071 1137418720 1139570560 1110107297 1110742378 1105648218 1137141124 1036913386 1017931300 1036636818 1019703387 1017050378 1016640646 1016988918 1012154730 1014244359 1009880720 
v 1011990837 1016937702 1018750762 1018996601 1009573422 1020410176 1025398012 1023042698 1028680986 1011458186 1018330788 1025305823 1031842960 1029454354 1017757165 1025495324 1033392256 1105869123 1067744864 1040522219 
v 1075787923 1141851928 1114728774 1083948696 1113276512 1142064216 1150315268 1117072690 1120118220 1119255188 1152910566 0
k=5 n=16
c 
c Mallob -- a parallel and distributed platform for job scheduling, load balancing, and SAT solving
c Designed by P. Sanders and D. Schreiber 2018-2022
c Developed by D. Schreiber 2019-2022
c 
c 7.959 5                            loaded
c 11.893 5                            first iteration finished
c 30.451 5                            Got Result after iter 44
s SATISFIABLE
v 1113063424 1147992225 1147865178 1136055118 1121055460 1134730016 1147401112 1141830982 1113337422 1117475836 1132757010 1141160813 1104158810 1104881120 1099685024 1131599068 1032482164 1016868830 1032488371 1017756478 
v 1012161162 1017508184 1014457871 1014557186 1013948869 1015099744 1011726648 1016670196 1020400794 1021319480 1014234406 1017328172 1021015321 1020909796 1027240670 1025297781 1017427490 1024736022 1031819533 1028100380 
v 1025229502 1023444901 1033988994 1114109562 1102273612 1066155318 1084813006 1135832502 1138980343 1110594956 1109433618 1137236326 1144876846 1144469124 1121253766 1066184842 1056578395 1075722723 1035011980 1047990242 
v 1012907178 1015633068 1018843944 1018934305 1017340915 1015783670 1018000562 1016840912 1024008112 1022139160 1022229522 1020142150 1025193365 1025365054 1024839446 1024738542 1022081930 1064079010 1080759027 1057556046 
v 1046687946 1127135760 1127805890 1128088247 1104471850 1128488604 1135386784 1135499357 1136100104 1115439480 1139569209 1139831178 1139551008 1136349706 1135741358 1139606157 1139829312 1139132229 1136126406 1134780626 
v 1139665174 1134474480 1132550102 1133908405 1124722437 1133169142 1120137664 1122112324 1093651462 1017219793 1017753848 1019083746 1009972595 1019858648 1025189537 1022706936 1028132073 1011794660 1018382147 1025487978 
v 1031184557 1029802301 1017397812 1025194773 1033350390 1106084917 1068158144 1040057477 1076732954 1141784752 1114881156 1083966814 1113236615 1141546977 1150412315 1117138251 1119821908 1119206537 1153061448 1141567539 
v 1118751991 1123997602 1137964060 1153171544 1117232139 1111757608 1118522347 1137879519 1139910180 1110378147 1110979744 1105872062 1137507186 1037112332 1018801013 1036942167 1018151770 1016120270 1016717154 1017062718 
v 1011187306 1013553897 1009302410 1090035340 1062600770 1126197504 1092849170 1132747078 1107169668 1126256561 1133636816 1132811353 1133802456 1128058236 1137122120 1134044172 1137464610 1134458753 1137713001 1137458130 
v 1137663479 1137640038 1137631908 1133189406 1137139797 1137590414 1137186096 1133311866 1124374603 1132215526 1131120942 1131113159 1107616938 1122625999 1120966840 1119377307 1085629316 1038102018 1040288330 1020885403 
v 1016140486 1016095030 1015872812 1015696044 1019857639 1017963710 1017466238 1023705866 1019774306 1022819745 1020360164 1023549300 1022890452 1023597282 1023550566 1024580858 1041120390 1118929914 1123906930 1138250165 
v 1152869300 1117056444 1111473903 1118190084 1137418723 1139570558 1110107299 1110742397 1105648217 1137141124 1036913384 1017931304 1036636816 1019703389 1017050380 1016640647 1016988918 1012154730 1014244358 1009880720 
v 1011990837 1016937702 1018750764 1018996603 1009573422 1020410176 1025398012 1023042700 1028680982 1011458186 1018330790 1025305823 1031842955 1029454348 1017757166 1025495324 1033392254 1105869125 1067744862 1040522218 
v 1075787922 1141851926 1114728791 1083948695 1113276540 1142064220 1150315268 1117072700 1120118224 1119255217 1152910565 0
k=5 n=8
c 
c Mallob -- a parallel and distributed platform for job scheduling, load balancing, and SAT solving
c Designed by P. Sanders and D. Schreiber 2018-2022
c Developed by D. Schreiber 2019-2022
c 
c 8.167 3                            loaded
c 12.190 3                            first iteration finished
c 42.295 3                            Got Result after iter 44
s SATISFIABLE
v 1113063424 1147992552 1147865478 1136055213 1121055608 1134730129 1147401444 1141831117 1113337478 1117475931 1132757103 1141160928 1104158956 1104881282 1099685129 1131599251 1032482280 1016868943 1032488494 1017756600 
v 1012161319 1017508306 1014458052 1014557370 1013949046 1015099838 1011726802 1016670305 1020400946 1021313438 1014234584 1017328292 1021015477 1020909949 1027240808 1025297900 1017427609 1024736132 1031819635 1028100534 
v 1025229619 1023444993 1033989136 1114109680 1102273738 1066155424 1084813131 1135832614 1138979292 1110594240 1109433637 1137236304 1144877111 1144469263 1121253649 1066191877 1056606538 1075722638 1035011894 1047990535 
v 1012907084 1015633008 1018843880 1018934239 1017340854 1015783617 1018000501 1016840852 1024008082 1022139079 1022229452 1020142084 1025193350 1025365038 1024839427 1024738520 1022081854 1064078980 1080758880 1057555991 
v 1046687802 1127135742 1127805874 1128088179 1104471876 1128488567 1135386596 1135499148 1136099967 1115439512 1139568939 1139830736 1139550610 1136349340 1135741104 1139605644 1139828896 1139131728 1136126112 1134780414 
v 1139664790 1134474344 1132550638 1133908296 1124722401 1133169128 1120137691 1122112506 1093652386 1017219796 1017753850 1019083749 1009972597 1019858650 1025189534 1022706938 1028132062 1011794664 1018382149 1025487976 
v 1031184547 1029802291 1017397812 1025194771 1033350380 1106084940 1068158146 1040057474 1076732968 1141784758 1114881170 1083966816 1113236667 1141546968 1150412325 1117138242 1119821885 1119206510 1153061448 1141567557 
v 1118751972 1123997512 1137963980 1153171501 1117232119 1111757653 1118522312 1137879512 1139910170 1110378158 1110979778 1105872080 1137507182 1037112296 1018801014 1036942138 1018151772 1016120274 1016717157 1017062720 
v 1011187308 1013553902 1009302412 1090035369 1062600876 1126197416 1092849062 1132746974 1107169660 1126256433 1133636665 1132811192 1133802215 1128058036 1137121900 1134043960 1137464423 1134458496 1137712828 1137457870 
v 1137663264 1137639764 1137631776 1133189149 1137139542 1137590146 1137185970 1133311696 1124374572 1132215184 1131120588 1131112803 1107617045 1122626012 1120966860 1119377321 1085629368 1038102045 1040288368 1020885409 
v 1016140478 1016095021 1015872800 1015696036 1019857644 1017963703 1017466236 1023705872 1019774312 1022819760 1020360167 1023549306 1022890464 1023597286 1023550572 1024580860 1041120375 1118929896 1123906854 1138250161 
v 1152869259 1117056425 1111473910 1118190058 1137418742 1139570558 1110107302 1110742392 1105648210 1137141124 1036913393 1017931303 1036636822 1019703388 1017050380 1016640648 1016988918 1012154729 1014244359 1009880720 
v 1011990836 1016937706 1018750768 1018996605 1009573423 1020410180 1025398015 1023042704 1028680982 1011458186 1018330789 1025305826 1031842954 1029454350 1017757168 1025495324 1033392257 1105869128 1067744860 1040522220 
v 1075787892 1141851920 1114728775 1083948687 1113276523 1142064211 1150315265 1117072702 1120118222 1119255195 1152910550 0
k=5 n=4
c 
c Mallob -- a parallel and distributed platform for job scheduling, load balancing, and SAT solving
c Designed by P. Sanders and D. Schreiber 2018-2022
c Developed by D. Schreiber 2019-2022
c 
c 8.140 0                            loaded
c 12.069 0                            first iteration finished
c 63.973 0                            Got Result after iter 44
s SATISFIABLE
v 1113063424 1147992905 1147865535 1136055439 1121055602 1134730378 1147401534 1141831282 1113337434 1117475913 1132757108 1141161100 1104158852 1104881175 1099685100 1131599244 1032482330 1016868933 1032488548 1017756582 
v 1012161341 1017508286 1014458075 1014557394 1013949071 1015099850 1011726821 1016670300 1020400894 1021313368 1014234613 1017328275 1021015418 1020909891 1027240832 1025297876 1017427592 1024736100 1031819686 1028100572 
v 1025229602 1023444954 1033989166 1114109634 1102273682 1066155428 1084813177 1135832871 1138979475 1110594266 1109433589 1137236605 1144877406 1144469322 1121253672 1066191884 1056606410 1075722562 1035011892 1047990502 
v 1012907120 1015633044 1018843896 1018934267 1017340881 1015783636 1018000516 1016840876 1024008090 1022139102 1022229442 1020142089 1025193362 1025365048 1024839430 1024738528 1022081869 1064078993 1080758772 1057555930 
v 1046687769 1127135396 1127805493 1128087948 1104472364 1128488174 1135386453 1135499054 1136100016 1115439805 1139568846 1139830838 1139550696 1136349360 1135741014 1139605886 1139829032 1139131990 1136126272 1134780273 
v 1139665186 1134474330 1132550310 1133908182 1124722312 1133168886 1120137718 1122112528 1093652774 1017219798 1017753854 1019083754 1009972592 1019858663 1025189538 1022706950 1028132064 1011794660 1018382155 1025487976 
v 1031184538 1029802283 1017397816 1025194774 1033350365 1106084960 1068158160 1040057469 1076733100 1141784772 1114881036 1083966826 1113236462 1141547109 1150412328 1117138216 1119821880 1119206254 1153061456 1141567653 
v 1118751948 1123997414 1137964154 1153171603 1117231964 1111757440 1118522181 1137879561 1139910444 1110378132 1110979603 1105872080 1137507201 1037112236 1018801024 1036942072 1018151776 1016120272 1016717161 1017062724 
v 1011187304 1013553894 1009302408 1090034934 1062601066 1126197262 1092848958 1132746941 1107170044 1126256068 1133636614 1132811031 1133802234 1128057689 1137122202 1134044012 1137464612 1134458628 1137712972 1137458342 
v 1137663580 1137640254 1137632224 1133189083 1137140011 1137590680 1137186406 1133311766 1124374222 1132215072 1131120386 1131112625 1107617104 1122625568 1120966271 1119376982 1085628936 1038102181 1040288360 1020885418 
v 1016140512 1016095054 1015872833 1015696078 1019857681 1017963744 1017466270 1023705896 1019774350 1022819806 1020360204 1023549332 1022890506 1023597310 1023550594 1024580896 1041120389 1118929940 1123906926 1138250148 
v 1152869394 1117056424 1111473908 1118190065 1137418714 1139570561 1110107296 1110742368 1105648222 1137141128 1036913442 1017931296 1036636866 1019703377 1017050371 1016640640 1016988909 1012154721 1014244348 1009880718 
v 1011990827 1016937696 1018750757 1018996594 1009573416 1020410168 1025397992 1023042684 1028680941 1011458179 1018330779 1025305804 1031842934 1029454303 1017757160 1025495302 1033392248 1105869112 1067744866 1040522217 
v 1075787982 1141851926 1114728772 1083948697 1113276485 1142064176 1150315257 1117072714 1120118252 1119255195 1152910566 0
k=5 n=2
c 
c Mallob -- a parallel and distributed platform for job scheduling, load balancing, and SAT solving
c Designed by P. Sanders and D. Schreiber 2018-2022
c Developed by D. Schreiber 2019-2022
c 
c 7.953 0                            loaded
c 11.943 0                            first iteration finished
c 106.303 0                            Got Result after iter 44
s SATISFIABLE
v 1113063424 1147992466 1147864833 1136055582 1121055210 1134731026 1147400818 1141831094 1113336981 1117475816 1132757368 1141161028 1104158461 1104880738 1099684766 1131599258 1032482086 1016868854 1032488294 1017756526 
v 1012161134 1017508226 1014457816 1014557132 1013948822 1015099716 1011726626 1016670214 1020400921 1021319631 1014234355 1017328208 1021015464 1020909936 1027240586 1025297796 1017427528 1024736062 1031819385 1028100256 
v 1025229518 1023445004 1033989059 1114109422 1102273406 1066155359 1084812659 1135833348 1138980656 1110594809 1109433104 1137237304 1144877120 1144469159 1121253520 1066184458 1056578482 1075722610 1035011940 1047990295 
v 1012907338 1015633141 1018843939 1018934286 1017340946 1015783753 1018000582 1016840958 1024008040 1022139052 1022229441 1020142118 1025193245 1025364922 1024839350 1024738446 1022081832 1064078648 1080758895 1057556027 
v 1046687790 1127135358 1127805452 1128088310 1104472795 1128488160 1135386431 1135499060 1136100021 1115439954 1139568883 1139830532 1139550378 1136348963 1135740846 1139604570 1139828667 1139131324 1136125712 1134780126 
v 1139664182 1134474258 1132550223 1133908210 1124720369 1133169178 1120136822 1122111320 1093652403 1017219801 1017753848 1019083728 1009972621 1019858620 1025189556 1022706868 1028132189 1011794706 1018382136 1025488008 
v 1031184777 1029802472 1017397816 1025194792 1033350410 1106084526 1068158124 1040057434 1076732984 1141784765 1114880933 1083966846 1113235983 1141547218 1150412366 1117138154 1119821837 1119206006 1153061425 1141567548 
v 1118751910 1123997348 1137964437 1153171409 1117231858 1111757222 1118522124 1137879530 1139910032 1110378114 1110979414 1105871992 1137507172 1037112119 1018800998 1036941964 1018151764 1016120294 1016717169 1017062729 
v 1011187345 1013553960 1009302430 1090035576 1062601676 1126197482 1092849372 1132747266 1107170452 1126256232 1133636792 1132811412 1133802449 1128057952 1137121924 1134044114 1137464455 1134458690 1137712894 1137457797 
v 1137663282 1137639743 1137631424 1133189446 1137139420 1137590050 1137185821 1133311980 1124374130 1132216111 1131121610 1131113854 1107617047 1122625332 1120965787 1119376626 1085629323 1038102216 1040288313 1020885414 
v 1016140470 1016095012 1015872791 1015696032 1019857636 1017963699 1017466229 1023705841 1019774307 1022819764 1020360159 1023549294 1022890463 1023597275 1023550562 1024580756 1041120604 1118929720 1123906566 1138251126 
v 1152869166 1117056125 1111473166 1118189674 1137418866 1139570295 1110106880 1110741884 1105647836 1137141002 1036913030 1017931072 1036636470 1019703106 1017050170 1016640450 1016988711 1012154471 1014244064 1009880498 
v 1011990579 1016937500 1018750512 1018996340 1009573202 1020420120 1025397768 1023042326 1028680648 1011457932 1018330542 1025305580 1031842744 1029453992 1017756942 1025495074 1033394570 1105902486 1067779040 1040542537 
v 1075848730 1141851885 1114733700 1083956552 1113277338 1142064592 1150315938 1117072300 1120117916 1119254598 1152910560 0
k=5 n=1
c 
c Mallob -- a parallel and distributed platform for job scheduling, load balancing, and SAT solving
c Designed by P. Sanders and D. Schreiber 2018-2022
c Developed by D. Schreiber 2019-2022
c 
c 8.348 0                            loaded
c 12.322 0                            first iteration finished
c 184.108 0                            Got Result after iter 44
s SATISFIABLE
v 1113063424 1147990842 1147864625 1136054833 1121056418 1134730808 1147400357 1141830528 1113336544 1117476392 1132757476 1141160388 1104158397 1104880708 1099684710 1131599371 1032482627 1016868842 1032488835 1017756443 
v 1012161293 1017508163 1014458068 1014557388 1013949053 1015099847 1011726768 1016670218 1020400625 1021319261 1014234598 1017328160 1021015118 1020909599 1027240934 1025297830 1017427472 1024736006 1031819923 1028100742 
v 1025229542 1023444742 1033989386 1114109401 1102273380 1066155438 1084811501 1135833098 1138979898 1110594493 1109432785 1137236840 1144876120 1144468952 1121253998 1066184336 1056578165 1075723091 1035011908 1047990753 
v 1012906908 1015632886 1018843678 1018934038 1017340690 1015783486 1018000318 1016840698 1024007905 1022138806 1022229166 1020141850 1025193127 1025364811 1024839217 1024738315 1022081581 1064078460 1080760518 1057555905 
v 1046689818 1127134866 1127804994 1128087728 1104472792 1128487646 1135385737 1135498005 1136099886 1115438155 1139567871 1139829283 1139549020 1136347628 1135739975 1139603812 1139827664 1139129936 1136125149 1134779414 
v 1139663929 1134473893 1132549268 1133907345 1124722475 1133168038 1120137766 1122112783 1093652565 1017219828 1017753900 1019083844 1009972585 1019858772 1025189718 1022707156 1028132350 1011794626 1018382220 1025488170 
v 1031184938 1029802634 1017397852 1025194954 1033350606 1106084313 1068158177 1040057530 1076733647 1141784790 1114880876 1083966905 1113235586 1141547219 1150412233 1117138232 1119821717 1119206360 1153061413 1141567794 
v 1118752005 1123998299 1137964247 1153171119 1117232204 1111756995 1118522689 1137879624 1139910954 1110378077 1110979272 1105871913 1137507260 1037112707 1018801100 1036942537 1018151836 1016120268 1016717172 1017062748 
v 1011187279 1013553838 1009302409 1090035897 1062602020 1126197257 1092850124 1132746583 1107167976 1126256526 1133636250 1132811016 1133801381 1128057743 1137120731 1134043142 1137463526 1134457492 1137712068 1137456534 
v 1137662199 1137638334 1137630840 1133188481 1137138111 1137588628 1137185228 1133310895 1124375014 1132213778 1131119517 1131112011 1107615561 1122626895 1120967992 1119377791 1085630096 1038100640 1040287513 1020884718 
v 1016139997 1016094549 1015872349 1015695599 1019856799 1017963049 1017465624 1023705367 1019773474 1022818624 1020359274 1023548755 1022889324 1023596749 1023550018 1024580626 1041120412 1118930014 1123908205 1138251309 
v 1152868863 1117056184 1111472842 1118190317 1137419151 1139571318 1110106872 1110741741 1105647822 1137141210 1036913997 1017931301 1036637409 1019703340 1017050403 1016640683 1016988945 1012154830 1014244504 1009880773 
v 1011990934 1016937730 1018750741 1018996573 1009573468 1020410107 1025398077 1023042558 1028681279 1011458272 1018330778 1025305881 1031843217 1029454701 1017757170 1025495395 1033392540 1105869109 1067744826 1040522241 
v 1075787481 1141851970 1114728201 1083948057 1113276052 1142064732 1150315277 1117072429 1120118584 1119255938 1152910643 0
